-480 -500 80.0
-480 -480 79.99294
-480 -460 79.98601
-480 -440 79.97922
-480 -420 79.97262
-480 -400 79.96624
-480 -380 79.96012
-480 -360 79.95431
-480 -340 79.948814
-480 -320 79.943665
-480 -300 79.93886
-480 -280 79.93441
-480 -260 79.930305
-480 -240 79.92653
-480 -220 79.923065
-480 -200 79.9199
-480 -180 79.917015
-480 -160 79.914406
-480 -140 79.91206
-480 -120 79.90999
-480 -100 79.90819
-480 -80 79.90667
-480 -60 79.90546
-480 -40 79.90457
-480 -20 79.90403
-480 0 79.90386
-480 20 79.904076
-480 40 79.904686
-480 60 79.905685
-480 80 79.90708
-480 100 79.90886
-480 120 79.910995
-480 140 79.913475
-480 160 79.91627
-480 180 79.919365
-480 200 79.92274
-480 220 79.92638
-480 240 79.93028
-480 260 79.93443
-480 280 79.93883
-480 300 79.94346
-480 320 79.948326
-480 340 79.953415
-480 360 79.95872
-480 380 79.96422
-480 400 79.969894
-480 420 79.97572
-480 440 79.98168
-480 460 79.98773
-480 480 79.99384
-480 500 80.0
-460 -500 80.0
-460 -480 79.99296
-460 -460 79.98602
-460 -440 79.979225
-460 -420 79.97261
-460 -400 79.96622
-460 -380 79.96008
-460 -360 79.95424
-460 -340 79.948715
-460 -320 79.943535
-460 -300 79.9387
-460 -280 79.93422
-460 -260 79.93008
-460 -240 79.92626
-460 -220 79.92277
-460 -200 79.91956
-460 -180 79.91665
-460 -160 79.91401
-460 -140 79.91164
-460 -120 79.90953
-460 -100 79.9077
-460 -80 79.90616
-460 -60 79.90492
-460 -40 79.904015
-460 -20 79.90346
-460 0 79.90328
-460 20 79.90349
-460 40 79.9041
-460 60 79.90511
-460 80 79.90652
-460 100 79.90832
-460 120 79.91047
-460 140 79.91297
-460 160 79.915794
-460 180 79.91892
-460 200 79.922325
-460 220 79.926
-460 240 79.92994
-460 260 79.93412
-460 280 79.938545
-460 300 79.943214
-460 320 79.94811
-460 340 79.95323
-460 360 79.958565
-460 380 79.964096
-460 400 79.969795
-460 420 79.975655
-460 440 79.981636
-460 460 79.9877
-460 480 79.993835
-460 500 80.0
-440 -500 80.0
-440 -480 79.99298
-440 -460 79.986046
-440 -440 79.97923
-440 -420 79.972595
-440 -400 79.966156
-440 -380 79.95998
-440 -360 79.95408
-440 -340 79.948494
-440 -320 79.94325
-440 -300 79.93835
-440 -280 79.93379
-440 -260 79.92958
-440 -240 79.92569
-440 -220 79.92212
-440 -200 79.918846
-440 -180 79.91586
-440 -160 79.91315
-440 -140 79.910706
-440 -120 79.90853
-440 -100 79.90664
-440 -80 79.90504
-440 -60 79.90375
-440 -40 79.9028
-440 -20 79.902214
-440 0 79.902016
-440 20 79.902214
-440 40 79.902824
-440 60 79.903854
-440 80 79.9053
-440 100 79.90713
-440 120 79.90933
-440 140 79.91189
-440 160 79.91478
-440 180 79.91797
-440 200 79.92144
-440 220 79.925186
-440 240 79.92919
-440 260 79.93345
-440 280 79.93794
-440 300 79.94268
-440 320 79.94765
-440 340 79.952835
-440 360 79.95823
-440 380 79.96382
-440 400 79.96958
-440 420 79.975494
-440 440 79.98152
-440 460 79.98764
-440 480 79.99381
-440 500 80.0
-420 -500 80.0
-420 -480 79.993
-420 -460 79.98605
-420 -440 79.97922
-420 -420 79.972534
-420 -400 79.96604
-420 -380 79.959785
-420 -360 79.953804
-420 -340 79.94812
-420 -320 79.94277
-420 -300 79.93776
-420 -280 79.93308
-420 -260 79.92875
-420 -240 79.92474
-420 -220 79.92105
-420 -200 79.917656
-420 -180 79.91454
-420 -160 79.91171
-420 -140 79.90915
-420 -120 79.90686
-420 -100 79.90486
-420 -80 79.90317
-420 -60 79.901794
-420 -40 79.90077
-420 -20 79.90013
-420 0 79.899895
-420 20 79.90008
-420 40 79.9007
-420 60 79.90176
-420 80 79.903244
-420 100 79.90514
-420 120 79.90743
-420 140 79.91009
-420 160 79.91308
-420 180 79.916374
-420 200 79.91997
-420 220 79.923836
-420 240 79.927956
-420 260 79.93233
-420 280 79.93694
-420 300 79.941795
-420 320 79.94687
-420 340 79.95216
-420 360 79.957664
-420 380 79.963356
-420 400 79.969215
-420 420 79.97522
-420 440 79.98133
-420 460 79.987526
-420 480 79.99376
-420 500 80.0
-400 -500 80.0
-400 -480 79.993004
-400 -460 79.98604
-400 -440 79.97916
-400 -420 79.972404
-400 -400 79.96583
-400 -380 79.959465
-400 -360 79.95336
-400 -340 79.94754
-400 -320 79.94204
-400 -300 79.93687
-400 -280 79.93202
-400 -260 79.92751
-400 -240 79.923325
-400 -220 79.91944
-400 -200 79.91586
-400 -180 79.91257
-400 -160 79.90955
-400 -140 79.906815
-400 -120 79.90436
-400 -100 79.9022
-400 -80 79.90035
-400 -60 79.89885
-400 -40 79.89771
-400 -20 79.896996
-400 0 79.8967
-400 20 79.896866
-400 40 79.8975
-400 60 79.898605
-400 80 79.90017
-400 100 79.90217
-400 120 79.90459
-400 140 79.90739
-400 160 79.91054
-400 180 79.91401
-400 200 79.91778
-400 220 79.92182
-400 240 79.926125
-400 260 79.93067
-400 280 79.93546
-400 300 79.94048
-400 320 79.945724
-400 340 79.95117
-400 360 79.956825
-400 380 79.96266
-400 400 79.96866
-400 420 79.97479
-400 440 79.981026
-400 460 79.987335
-400 480 79.99367
-400 500 80.0
-380 -500 80.0
-380 -480 79.99299
-380 -460 79.985985
-380 -440 79.979034
-380 -420 79.97219
-380 -400 79.96549
-380 -380 79.958984
-380 -360 79.95271
-380 -340 79.94671
-380 -320 79.941
-380 -300 79.93561
-380 -280 79.93053
-380 -260 79.92577
-380 -240 79.92133
-380 -220 79.9172
-380 -200 79.91336
-380 -180 79.909805
-380 -160 79.90653
-380 -140 79.903534
-380 -120 79.90083
-380 -100 79.89844
-380 -80 79.89638
-380 -60 79.894684
-380 -40 79.893394
-380 -20 79.892555
-380 0 79.89219
-380 20 79.89233
-380 40 79.89298
-380 60 79.89416
-380 80 79.89584
-380 100 79.898
-380 120 79.900604
-380 140 79.903625
-380 160 79.907005
-380 180 79.91073
-380 200 79.91474
-380 220 79.91904
-380 240 79.92359
-380 260 79.92839
-380 280 79.93342
-380 300 79.93867
-380 320 79.94414
-380 340 79.94981
-380 360 79.955666
-380 380 79.96169
-380 400 79.96788
-380 420 79.97419
-380 440 79.98059
-380 460 79.98705
-380 480 79.99354
-380 500 80.0
-360 -500 80.0
-360 -480 79.99294
-360 -460 79.98587
-360 -440 79.97882
-360 -420 79.97185
-360 -400 79.965004
-360 -380 79.95831
-360 -360 79.95183
-360 -340 79.94559
-360 -320 79.93962
-360 -300 79.93394
-360 -280 79.92856
-360 -260 79.92348
-360 -240 79.91871
-360 -220 79.91423
-360 -200 79.91005
-360 -180 79.90614
-360 -160 79.90251
-360 -140 79.89918
-360 -120 79.89613
-360 -100 79.89342
-360 -80 79.89107
-360 -60 79.889114
-360 -40 79.88761
-360 -20 79.88661
-360 0 79.88615
-360 20 79.88625
-360 40 79.886955
-360 60 79.88824
-360 80 79.89008
-360 100 79.89246
-360 120 79.89534
-360 140 79.89865
-360 160 79.90236
-360 180 79.90642
-360 200 79.910774
-360 220 79.91541
-360 240 79.9203
-360 260 79.92543
-360 280 79.93077
-360 300 79.936325
-360 320 79.942085
-360 340 79.94803
-360 360 79.95415
-360 380 79.96043
-360 400 79.96685
-360 420 79.97339
-360 440 79.98
-360 460 79.98667
-360 480 79.993355
-360 500 80.0
-340 -500 80.0
-340 -480 79.99286
-340 -460 79.98569
-340 -440 79.978516
-340 -420 79.97139
-340 -400 79.964355
-340 -380 79.95744
-340 -360 79.95071
-340 -340 79.944176
-340 -320 79.93788
-340 -300 79.93185
-340 -280 79.92609
-340 -260 79.920616
-340 -240 79.91542
-340 -220 79.910515
-340 -200 79.90588
-340 -180 79.90153
-340 -160 79.89745
-340 -140 79.89366
-340 -120 79.89019
-340 -100 79.88706
-340 -80 79.88432
-340 -60 79.882034
-340 -40 79.88026
-340 -20 79.87905
-340 0 79.87846
-340 20 79.87855
-340 40 79.8793
-340 60 79.88074
-340 80 79.88282
-340 100 79.885506
-340 120 79.88873
-340 140 79.89245
-340 160 79.896576
-340 180 79.90107
-340 200 79.90587
-340 220 79.91094
-340 240 79.91626
-340 260 79.92179
-340 280 79.92753
-340 300 79.933464
-340 320 79.939575
-340 340 79.945854
-340 360 79.95229
-340 380 79.95888
-340 400 79.96558
-340 420 79.97239
-340 440 79.97927
-340 460 79.98619
-340 480 79.99311
-340 500 80.0
-320 -500 80.0
-320 -480 79.99275
-320 -460 79.98544
-320 -440 79.97812
-320 -420 79.97082
-320 -400 79.96356
-320 -380 79.9564
-320 -360 79.94936
-320 -340 79.9425
-320 -320 79.93583
-320 -300 79.92938
-320 -280 79.92318
-320 -260 79.91723
-320 -240 79.911545
-320 -220 79.90611
-320 -200 79.90095
-320 -180 79.89604
-320 -160 79.8914
-320 -140 79.88706
-320 -120 79.88305
-320 -100 79.8794
-320 -80 79.87619
-320 -60 79.87348
-320 -40 79.87136
-320 -20 79.8699
-320 0 79.86918
-320 20 79.86923
-320 40 79.87008
-320 60 79.87172
-320 80 79.87411
-320 100 79.87718
-320 120 79.880875
-320 140 79.885086
-320 160 79.88975
-320 180 79.89478
-320 200 79.90012
-320 220 79.90572
-320 240 79.91155
-320 260 79.91757
-320 280 79.923775
-320 300 79.930145
-320 320 79.93667
-320 340 79.943344
-320 360 79.95015
-320 380 79.95707
-320 400 79.9641
-320 420 79.97122
-320 440 79.9784
-320 460 79.98562
-320 480 79.99283
-320 500 80.0
-300 -500 80.0
-300 -480 79.99261
-300 -460 79.98515
-300 -440 79.97766
-300 -420 79.97015
-300 -400 79.96267
-300 -380 79.95523
-300 -360 79.94788
-300 -340 79.94065
-300 -320 79.93356
-300 -300 79.92666
-300 -280 79.91995
-300 -260 79.91347
-300 -240 79.9072
-300 -220 79.90118
-300 -200 79.895386
-300 -180 79.88983
-300 -160 79.884544
-300 -140 79.87955
-300 -120 79.87489
-300 -100 79.87063
-300 -80 79.866844
-300 -60 79.86364
-300 -40 79.861115
-300 -20 79.85936
-300 0 79.858475
-300 20 79.85851
-300 40 79.85949
-300 60 79.8614
-300 80 79.864174
-300 100 79.86773
-300 120 79.87198
-300 140 79.87679
-300 160 79.88209
-300 180 79.88776
-300 200 79.89373
-300 220 79.89994
-300 240 79.90635
-300 260 79.912926
-300 280 79.919655
-300 300 79.92651
-300 320 79.933495
-300 340 79.94059
-300 360 79.94779
-300 380 79.95509
-300 400 79.96248
-300 420 79.96993
-300 440 79.97744
-300 460 79.98497
-300 480 79.9925
-300 500 80.0
-280 -500 80.0
-280 -480 79.99245
-280 -460 79.98483
-280 -440 79.977165
-280 -420 79.96947
-280 -400 79.96174
-280 -380 79.954025
-280 -360 79.94634
-280 -340 79.93873
-280 -320 79.931206
-280 -300 79.92381
-280 -280 79.91657
-280 -260 79.90951
-280 -240 79.90262
-280 -220 79.89593
-280 -200 79.889435
-280 -180 79.88316
-280 -160 79.87714
-280 -140 79.8714
-280 -120 79.866
-280 -100 79.86102
-280 -80 79.85658
-280 -60 79.8528
-280 -40 79.8498
-280 -20 79.84772
-280 0 79.84666
-280 20 79.846695
-280 40 79.84784
-280 60 79.850075
-280 80 79.85331
-280 100 79.857445
-280 120 79.86234
-280 140 79.86787
-280 160 79.87388
-280 180 79.880264
-280 200 79.88694
-280 220 79.89382
-280 240 79.90087
-280 260 79.90805
-280 280 79.91534
-280 300 79.92271
-280 320 79.93017
-280 340 79.93771
-280 360 79.945335
-280 380 79.95302
-280 400 79.96077
-280 420 79.968575
-280 440 79.97642
-280 460 79.98428
-280 480 79.99215
-280 500 80.0
-260 -500 80.0
-260 -480 79.99229
-260 -460 79.98452
-260 -440 79.976685
-260 -420 79.96879
-260 -400 79.960846
-260 -380 79.95286
-260 -360 79.944855
-260 -340 79.93686
-260 -320 79.9289
-260 -300 79.92101
-260 -280 79.91322
-260 -260 79.90554
-260 -240 79.897995
-260 -220 79.890594
-260 -200 79.88336
-260 -180 79.87631
-260 -160 79.86947
-260 -140 79.86291
-260 -120 79.85668
-260 -100 79.85091
-260 -80 79.84572
-260 -60 79.84128
-260 -40 79.83774
-260 -20 79.83528
-260 0 79.83403
-260 20 79.834076
-260 40 79.835434
-260 60 79.83806
-260 80 79.84185
-260 100 79.84665
-260 120 79.85229
-260 140 79.85859
-260 160 79.865395
-260 180 79.872574
-260 200 79.880005
-260 220 79.8876
-260 240 79.895325
-260 260 79.90313
-260 280 79.91099
-260 300 79.9189
-260 320 79.92685
-260 340 79.93484
-260 360 79.94287
-260 380 79.95095
-260 400 79.95906
-260 420 79.96721
-260 440 79.97538
-260 460 79.98358
-260 480 79.99179
-260 500 80.0
-240 -500 80.0
-240 -480 79.99214
-240 -460 79.98423
-240 -440 79.97625
-240 -420 79.968185
-240 -400 79.960045
-240 -380 79.95181
-240 -360 79.943504
-240 -340 79.93515
-240 -320 79.92677
-240 -300 79.918396
-240 -280 79.91005
-240 -260 79.90176
-240 -240 79.89354
-240 -220 79.88541
-240 -200 79.87739
-240 -180 79.86951
-240 -160 79.8618
-240 -140 79.85433
-240 -120 79.8472
-240 -100 79.84054
-240 -80 79.83451
-240 -60 79.829315
-240 -40 79.825165
-240 -20 79.82228
-240 0 79.820816
-240 20 79.820885
-240 40 79.8225
-240 60 79.82559
-240 80 79.83002
-240 100 79.83557
-240 120 79.84205
-240 140 79.84921
-240 160 79.85688
-240 180 79.8649
-240 200 79.87312
-240 220 79.88147
-240 240 79.88988
-240 260 79.898315
-240 280 79.90675
-240 300 79.91519
-240 320 79.92363
-240 340 79.93206
-240 360 79.94049
-240 380 79.94894
-240 400 79.9574
-240 420 79.96587
-240 440 79.97437
-240 460 79.982895
-240 480 79.99143
-240 500 80.0
-220 -500 80.0
-220 -480 79.99201
-220 -460 79.983986
-220 -440 79.97589
-220 -420 79.9677
-220 -400 79.95938
-220 -380 79.950935
-220 -360 79.94236
-220 -340 79.93368
-220 -320 79.924904
-220 -300 79.91606
-220 -280 79.90718
-220 -260 79.89828
-220 -240 79.88938
-220 -220 79.880516
-220 -200 79.87169
-220 -180 79.86293
-220 -160 79.8543
-220 -140 79.84586
-220 -120 79.83774
-220 -100 79.83008
-220 -80 79.8231
-220 -60 79.81704
-220 -40 79.81219
-220 -20 79.8088
-220 0 79.8071
-220 20 79.807205
-220 40 79.809135
-220 60 79.81278
-220 80 79.81794
-220 100 79.82436
-220 120 79.831764
-220 140 79.839874
-220 160 79.84847
-220 180 79.85737
-220 200 79.866425
-220 220 79.875534
-220 240 79.88464
-220 260 79.893715
-220 280 79.902725
-220 300 79.911674
-220 320 79.92058
-220 340 79.929436
-220 360 79.938255
-220 380 79.94705
-220 400 79.95583
-220 420 79.96462
-220 440 79.97342
-220 460 79.98224
-220 480 79.9911
-220 500 80.0
-200 -500 80.0
-200 -480 79.99191
-200 -460 79.9838
-200 -440 79.975624
-200 -420 79.96733
-200 -400 79.958885
-200 -380 79.950264
-200 -360 79.94146
-200 -340 79.93249
-200 -320 79.92335
-200 -300 79.91407
-200 -280 79.90468
-200 -260 79.895195
-200 -240 79.88563
-200 -220 79.876015
-200 -200 79.866356
-200 -180 79.8567
-200 -160 79.847084
-200 -140 79.8376
-200 -120 79.82837
-200 -100 79.81959
-200 -80 79.8115
-200 -60 79.804436
-200 -40 79.79873
-200 -20 79.79475
-200 0 79.792755
-200 20 79.79292
-200 40 79.79524
-200 60 79.79956
-200 80 79.805595
-200 100 79.81302
-200 120 79.821465
-200 140 79.83063
-200 160 79.840225
-200 180 79.85006
-200 200 79.85997
-200 220 79.86986
-200 240 79.87967
-200 260 79.88936
-200 280 79.89893
-200 300 79.90839
-200 320 79.91774
-200 340 79.926994
-200 360 79.93618
-200 380 79.945305
-200 400 79.95439
-200 420 79.96346
-200 440 79.97254
-200 460 79.981636
-200 480 79.99078
-200 500 80.0
-180 -500 80.0
-180 -480 79.99185
-180 -460 79.983696
-180 -440 79.97547
-180 -420 79.96712
-180 -400 79.95857
-180 -380 79.94982
-180 -360 79.94083
-180 -340 79.931595
-180 -320 79.922134
-180 -300 79.91246
-180 -280 79.90259
-180 -260 79.89253
-180 -240 79.88232
-180 -220 79.871956
-180 -200 79.86146
-180 -180 79.85086
-180 -160 79.840195
-180 -140 79.82956
-180 -120 79.8191
-180 -100 79.80902
-180 -80 79.79964
-180 -60 79.791336
-180 -40 79.784584
-180 -20 79.77985
-180 0 79.777504
-180 20 79.777756
-180 40 79.78058
-180 60 79.785736
-180 80 79.79285
-180 100 79.801445
-180 120 79.81111
-180 140 79.82144
-180 160 79.83213
-180 180 79.84296
-180 200 79.85376
-180 220 79.86445
-180 240 79.874954
-180 260 79.88527
-180 280 79.89539
-180 300 79.905334
-180 320 79.915115
-180 340 79.92475
-180 360 79.93427
-180 380 79.94371
-180 400 79.95308
-180 420 79.96242
-180 440 79.97174
-180 460 79.981094
-180 480 79.9905
-180 500 80.0
-160 -500 80.0
-160 -480 79.99182
-160 -460 79.98366
-160 -440 79.975426
-160 -420 79.96704
-160 -400 79.95845
-160 -380 79.94959
-160 -360 79.94046
-160 -340 79.931015
-160 -320 79.92127
-160 -300 79.91123
-160 -280 79.90091
-160 -260 79.89032
-160 -240 79.87947
-160 -220 79.86836
-160 -200 79.85702
-160 -180 79.84543
-160 -160 79.83365
-160 -140 79.821754
-160 -120 79.80988
-160 -100 79.79829
-160 -80 79.787315
-160 -60 79.77748
-160 -40 79.76937
-160 -20 79.76364
-160 0 79.760826
-160 20 79.76121
-160 40 79.76472
-160 60 79.77099
-160 80 79.77945
-160 100 79.789505
-160 120 79.80059
-160 140 79.812256
-160 160 79.82415
-160 180 79.836044
-160 200 79.847786
-160 220 79.85928
-160 240 79.8705
-160 260 79.88143
-160 280 79.89209
-160 300 79.902504
-160 320 79.91269
-160 340 79.92269
-160 360 79.93254
-160 380 79.94227
-160 400 79.9519
-160 420 79.96148
-160 440 79.97103
-160 460 79.98061
-160 480 79.99025
-160 500 80.0
-140 -500 80.0
-140 -480 79.99183
-140 -460 79.983696
-140 -440 79.97549
-140 -420 79.96711
-140 -400 79.9585
-140 -380 79.94959
-140 -360 79.940346
-140 -340 79.93074
-140 -320 79.92075
-140 -300 79.91039
-140 -280 79.89966
-140 -260 79.888565
-140 -240 79.8771
-140 -220 79.865265
-140 -200 79.85305
-140 -180 79.84045
-140 -160 79.82747
-140 -140 79.81418
-140 -120 79.8007
-140 -100 79.787285
-140 -80 79.774345
-140 -60 79.762505
-140 -40 79.75257
-140 -20 79.74545
-140 0 79.74198
-140 20 79.742584
-140 40 79.74709
-140 60 79.75489
-140 80 79.765144
-140 100 79.777016
-140 120 79.78982
-140 140 79.803024
-140 160 79.81626
-140 180 79.82931
-140 200 79.842026
-140 220 79.854355
-140 240 79.86629
-140 260 79.87782
-140 280 79.889015
-140 300 79.89988
-140 320 79.91046
-140 340 79.920815
-140 360 79.93096
-140 380 79.94096
-140 400 79.950836
-140 420 79.96064
-140 440 79.970406
-140 460 79.98019
-140 480 79.990036
-140 500 80.0
-120 -500 80.0
-120 -480 79.991875
-120 -460 79.983795
-120 -440 79.97564
-120 -420 79.967316
-120 -400 79.958725
-120 -380 79.9498
-120 -360 79.94048
-120 -340 79.93075
-120 -320 79.92056
-120 -300 79.90993
-120 -280 79.898834
-120 -260 79.88727
-120 -240 79.87523
-120 -220 79.862686
-120 -200 79.84961
-120 -180 79.83596
-120 -160 79.821724
-120 -140 79.80689
-120 -120 79.79157
-120 -100 79.77598
-120 -80 79.760544
-120 -60 79.746025
-120 -40 79.733505
-120 -20 79.72436
-120 0 79.71992
-120 20 79.72092
-120 40 79.726974
-120 60 79.73699
-120 80 79.74967
-120 100 79.763885
-120 120 79.77878
-120 140 79.79376
-120 160 79.80849
-120 180 79.82276
-120 200 79.836494
-120 220 79.84967
-120 240 79.86231
-120 260 79.87445
-120 280 79.88615
-120 300 79.89745
-120 320 79.90842
-120 340 79.9191
-120 360 79.929535
-120 380 79.93979
-120 400 79.94989
-120 420 79.9599
-120 440 79.969864
-120 460 79.97982
-120 480 79.989845
-120 500 80.0
-100 -500 80.0
-100 -480 79.99195
-100 -460 79.983955
-100 -440 79.97589
-100 -420 79.967636
-100 -400 79.9591
-100 -380 79.95019
-100 -360 79.94086
-100 -340 79.93104
-100 -320 79.92071
-100 -300 79.90984
-100 -280 79.89844
-100 -260 79.88646
-100 -240 79.87389
-100 -220 79.86069
-100 -200 79.84678
-100 -180 79.83209
-100 -160 79.81655
-100 -140 79.80007
-100 -120 79.78267
-100 -100 79.76447
-100 -80 79.74587
-100 -60 79.7277
-100 -40 79.711395
-100 -20 79.69906
-100 0 79.69307
-100 20 79.694855
-100 40 79.70348
-100 60 79.71686
-100 80 79.73293
-100 100 79.75017
-100 120 79.76758
-100 140 79.7846
-100 160 79.80095
-100 180 79.81651
-100 200 79.831276
-100 220 79.84529
-100 240 79.85861
-100 260 79.87132
-100 280 79.88351
-100 300 79.895226
-100 320 79.90655
-100 340 79.917534
-100 360 79.92825
-100 380 79.938736
-100 400 79.94906
-100 420 79.95926
-100 440 79.96939
-100 460 79.979515
-100 480 79.98969
-100 500 80.0
-80 -500 80.0
-80 -480 79.99206
-80 -460 79.98417
-80 -440 79.97622
-80 -420 79.96806
-80 -400 79.95961
-80 -380 79.95076
-80 -360 79.94144
-80 -340 79.93159
-80 -320 79.92116
-80 -300 79.91013
-80 -280 79.898476
-80 -260 79.886154
-80 -240 79.87313
-80 -220 79.85934
-80 -200 79.84467
-80 -180 79.82901
-80 -160 79.81219
-80 -140 79.79403
-80 -120 79.77437
-80 -100 79.75317
-80 -80 79.730606
-80 -60 79.70744
-80 -40 79.68541
-80 -20 79.667725
-80 0 79.65893
-80 20 79.66249
-80 40 79.6757
-80 60 79.69433
-80 80 79.71515
-80 100 79.73624
-80 120 79.75662
-80 140 79.77588
-80 160 79.793915
-80 180 79.81075
-80 200 79.826515
-80 220 79.84131
-80 240 79.85526
-80 260 79.8685
-80 280 79.88112
-80 300 79.89321
-80 320 79.90486
-80 340 79.91614
-80 360 79.9271
-80 380 79.93781
-80 400 79.948326
-80 420 79.958694
-80 440 79.96899
-80 460 79.979256
-80 480 79.98957
-80 500 80.0
-60 -500 80.0
-60 -480 79.99218
-60 -460 79.98443
-60 -440 79.9766
-60 -420 79.96858
-60 -400 79.960236
-60 -380 79.95148
-60 -360 79.94221
-60 -340 79.93237
-60 -320 79.921906
-60 -300 79.910774
-60 -280 79.89895
-60 -260 79.886375
-60 -240 79.873
-60 -220 79.858734
-60 -200 79.843445
-60 -180 79.82694
-60 -160 79.80898
-60 -140 79.78923
-60 -120 79.76732
-60 -100 79.74287
-60 -80 79.71561
-60 -60 79.6858
-60 -40 79.65503
-60 -20 79.62775
-60 0 79.612946
-60 20 79.621086
-60 40 79.64298
-60 60 79.669914
-60 80 79.69722
-60 100 79.72298
-60 120 79.74662
-60 140 79.76815
-60 160 79.78779
-60 180 79.80579
-60 200 79.82242
-60 220 79.837875
-60 240 79.85237
-60 260 79.86605
-60 280 79.87904
-60 300 79.891464
-60 320 79.9034
-60 340 79.91492
-60 360 79.9261
-60 380 79.937004
-60 400 79.94769
-60 420 79.95822
-60 440 79.96864
-60 460 79.97904
-60 480 79.98946
-60 500 80.0
-40 -500 80.0
-40 -480 79.99231
-40 -460 79.98471
-40 -440 79.977036
-40 -420 79.96916
-40 -400 79.96096
-40 -380 79.95232
-40 -360 79.943146
-40 -340 79.933365
-40 -320 79.92292
-40 -300 79.91176
-40 -280 79.89985
-40 -260 79.88712
-40 -240 79.87353
-40 -220 79.85895
-40 -200 79.84322
-40 -180 79.826126
-40 -160 79.8073
-40 -140 79.786285
-40 -120 79.76244
-40 -100 79.734924
-40 -80 79.70269
-40 -60 79.66475
-40 -40 79.62104
-40 -20 79.57565
-40 0 79.54504
-40 20 79.56702
-40 40 79.60609
-40 60 79.6457
-40 80 79.681145
-40 100 79.71194
-40 120 79.73869
-40 140 79.7622
-40 160 79.78313
-40 180 79.80201
-40 200 79.81926
-40 220 79.8352
-40 240 79.850075
-40 260 79.864075
-40 280 79.87735
-40 300 79.890015
-40 320 79.90217
-40 340 79.913895
-40 360 79.92526
-40 380 79.93633
-40 400 79.94717
-40 420 79.957825
-40 440 79.96837
-40 460 79.97887
-40 480 79.98939
-40 500 80.0
-20 -500 80.0
-20 -480 79.992455
-20 -460 79.98501
-20 -440 79.9775
-20 -420 79.96979
-20 -400 79.96174
-20 -380 79.95324
-20 -360 79.9442
-20 -340 79.934525
-20 -320 79.92416
-20 -300 79.91305
-20 -280 79.90114
-20 -260 79.88839
-20 -240 79.87472
-20 -220 79.860016
-20 -200 79.84412
-20 -180 79.82674
-20 -160 79.80749
-20 -140 79.78578
-20 -120 79.760765
-20 -100 79.731125
-20 -80 79.69486
-20 -60 79.648865
-20 -40 79.5885
-20 -20 79.5096
-20 0 79.427246
-20 20 79.498276
-20 40 79.57033
-20 60 79.62669
-20 80 79.67036
-20 100 79.70528
-20 120 79.73419
-20 140 79.75888
-20 160 79.78049
-20 180 79.79978
-20 200 79.817314
-20 220 79.833466
-20 240 79.84852
-20 260 79.86268
-20 280 79.87611
-20 300 79.88892
-20 320 79.90122
-20 340 79.91309
-20 360 79.9246
-20 380 79.93579
-20 400 79.94675
-20 420 79.957504
-20 440 79.96815
-20 460 79.97873
-20 480 79.98933
-20 500 80.0
0 -500 80.0
0 -480 79.99261
0 -460 79.98531
0 -440 79.977974
0 -420 79.97043
0 -400 79.962555
0 -380 79.95422
0 -360 79.94534
0 -340 79.935814
0 -320 79.925575
0 -300 79.91457
0 -280 79.90277
0 -260 79.89011
0 -240 79.876526
0 -220 79.861916
0 -200 79.84611
0 -180 79.828835
0 -160 79.8097
0 -140 79.78809
0 -120 79.76307
0 -100 79.73315
0 -80 79.69579
0 -60 79.64618
0 -40 79.57345
0 -20 79.44749
0 0 79.16483
0 20 79.433266
0 40 79.55281
0 60 79.62185
0 80 79.6692
0 100 79.70518
0 120 79.73429
0 140 79.75888
0 160 79.780304
0 180 79.799416
0 200 79.81679
0 220 79.832825
0 240 79.8478
0 260 79.86194
0 280 79.875374
0 300 79.88824
0 320 79.9006
0 340 79.912544
0 360 79.924126
0 380 79.9354
0 400 79.946434
0 420 79.957275
0 440 79.96799
0 460 79.97863
0 480 79.98928
0 500 80.0
20 -500 80.0
20 -480 79.992744
20 -460 79.98562
20 -440 79.97845
20 -420 79.97108
20 -400 79.96338
20 -380 79.95523
20 -360 79.946526
20 -340 79.93717
20 -320 79.92711
20 -300 79.91628
20 -280 79.904655
20 -260 79.8922
20 -240 79.87885
20 -220 79.864525
20 -200 79.84909
20 -180 79.832306
20 -160 79.81383
20 -140 79.79312
20 -120 79.76939
20 -100 79.74142
20 -80 79.70733
20 -60 79.66417
20 -40 79.60755
20 -20 79.533424
20 0 79.45566
20 20 79.52113
20 40 79.58772
20 60 79.63981
20 80 79.68016
20 100 79.71248
20 120 79.739334
20 140 79.762375
20 160 79.782684
20 180 79.80097
20 200 79.81774
20 220 79.83333
20 240 79.84799
20 260 79.8619
20 280 79.8752
20 300 79.88798
20 320 79.900314
20 340 79.912254
20 360 79.92386
20 380 79.93517
20 400 79.94624
20 420 79.95713
20 440 79.96789
20 460 79.97857
20 480 79.98925
20 500 80.0
40 -500 80.0
40 -480 79.99289
40 -460 79.98591
40 -440 79.978905
40 -420 79.97171
40 -400 79.964195
40 -380 79.95623
40 -360 79.947716
40 -340 79.93856
40 -320 79.9287
40 -300 79.9181
40 -280 79.90672
40 -260 79.894554
40 -240 79.88156
40 -220 79.86769
40 -200 79.852844
40 -180 79.83685
40 -160 79.81946
40 -140 79.80028
40 -120 79.77877
40 -100 79.754196
40 -80 79.72563
40 -60 79.69213
40 -40 79.653534
40 -20 79.6132
40 0 79.58528
40 20 79.60303
40 40 79.63576
40 60 79.669174
40 80 79.6992
40 100 79.72544
40 120 79.74844
40 140 79.76888
40 160 79.78735
40 180 79.8043
40 200 79.820076
40 220 79.83493
40 240 79.849045
40 260 79.862564
40 280 79.87558
40 300 79.88816
40 320 79.90037
40 340 79.91224
40 360 79.923805
40 380 79.935104
40 400 79.946175
40 420 79.95708
40 440 79.96784
40 460 79.978546
40 480 79.98924
40 500 80.0
60 -500 80.0
60 -480 79.99302
60 -460 79.98619
60 -440 79.97935
60 -420 79.97232
60 -400 79.96498
60 -380 79.9572
60 -360 79.94888
60 -340 79.93993
60 -320 79.930305
60 -300 79.91996
60 -280 79.90888
60 -260 79.897064
60 -240 79.884514
60 -220 79.87121
60 -200 79.8571
60 -180 79.8421
60 -160 79.82604
60 -140 79.80871
60 -120 79.78982
60 -100 79.76904
60 -80 79.74615
60 -60 79.72125
60 -40 79.695496
60 -20 79.67232
60 0 79.6589
60 20 79.66384
60 40 79.67996
60 60 79.70035
60 80 79.72132
60 100 79.74138
60 120 79.7601
60 140 79.7775
60 160 79.79375
60 180 79.80904
60 200 79.82356
60 220 79.83747
60 240 79.850876
60 260 79.86385
60 280 79.87647
60 300 79.88876
60 320 79.900764
60 340 79.91249
60 360 79.92396
60 380 79.935196
60 400 79.946236
60 420 79.95711
60 440 79.967865
60 460 79.97855
60 480 79.98925
60 500 80.0
80 -500 80.0
80 -480 79.99315
80 -460 79.98646
80 -440 79.97976
80 -420 79.9729
80 -400 79.96573
80 -380 79.95813
80 -360 79.950005
80 -340 79.94128
80 -320 79.931885
80 -300 79.92181
80 -280 79.91105
80 -260 79.89963
80 -240 79.88757
80 -220 79.87489
80 -200 79.8616
80 -180 79.847664
80 -160 79.83302
80 -140 79.81759
80 -120 79.80127
80 -100 79.78401
80 -80 79.76593
80 -60 79.74749
80 -40 79.729866
80 -20 79.71533
80 0 79.70721
80 20 79.708176
80 40 79.71636
80 60 79.72877
80 80 79.743095
80 100 79.757996
80 120 79.772804
80 140 79.787224
80 160 79.8012
80 180 79.81474
80 200 79.82791
80 220 79.84076
80 240 79.85334
80 260 79.865685
80 280 79.877815
80 300 79.88974
80 320 79.90147
80 340 79.91299
80 360 79.92432
80 380 79.93545
80 400 79.94641
80 420 79.95723
80 440 79.96795
80 460 79.97861
80 480 79.98927
80 500 80.0
100 -500 80.0
100 -480 79.99327
100 -460 79.98672
100 -440 79.98016
100 -420 79.97345
100 -400 79.96644
100 -380 79.959015
100 -360 79.95108
100 -340 79.94256
100 -320 79.9334
100 -300 79.923615
100 -280 79.913185
100 -260 79.902176
100 -240 79.890625
100 -220 79.87859
100 -200 79.86612
100 -180 79.85324
100 -160 79.83997
100 -140 79.82631
100 -120 79.81229
100 -100 79.79798
100 -80 79.78363
100 -60 79.769714
100 -40 79.75713
100 -20 79.747215
100 0 79.74153
100 20 79.7411
100 40 79.74538
100 60 79.75307
100 80 79.762886
100 100 79.77389
100 120 79.78546
100 140 79.79727
100 160 79.809135
100 180 79.82099
100 200 79.83281
100 220 79.84457
100 240 79.856285
100 260 79.86794
100 280 79.87953
100 300 79.89104
100 320 79.90244
100 340 79.91372
100 360 79.92486
100 380 79.93585
100 400 79.9467
100 420 79.95744
100 440 79.968094
100 460 79.9787
100 480 79.98931
100 500 80.0
120 -500 80.0
120 -480 79.993385
120 -460 79.98696
120 -440 79.98054
120 -420 79.97397
120 -400 79.96712
120 -380 79.959854
120 -360 79.9521
120 -340 79.94379
120 -320 79.93487
120 -300 79.92535
120 -280 79.91526
120 -260 79.90465
120 -240 79.8936
120 -220 79.8822
120 -200 79.87052
120 -180 79.85864
120 -160 79.84663
120 -140 79.834526
120 -120 79.82243
120 -100 79.810486
120 -80 79.79892
120 -60 79.78813
120 -40 79.778725
120 -20 79.77146
120 0 79.76713
120 20 79.76618
120 40 79.768456
120 60 79.77336
120 80 79.780205
120 100 79.78838
120 120 79.79744
120 140 79.80709
120 160 79.81713
120 180 79.82746
120 200 79.838
120 220 79.84872
120 240 79.859566
120 260 79.87053
120 280 79.88155
120 300 79.89261
120 320 79.90365
120 340 79.91465
120 360 79.92557
120 380 79.936386
120 400 79.94711
120 420 79.95774
120 440 79.9683
120 460 79.97883
120 480 79.98938
120 500 80.0
140 -500 80.0
140 -480 79.99351
140 -460 79.9872
140 -440 79.98091
140 -420 79.97447
140 -400 79.96776
140 -380 79.960655
140 -360 79.95308
140 -340 79.944954
140 -320 79.936264
140 -300 79.92702
140 -280 79.91725
140 -260 79.907036
140 -240 79.89648
140 -220 79.88567
140 -200 79.87473
140 -180 79.86376
140 -160 79.85285
140 -140 79.84209
140 -120 79.83158
140 -100 79.82148
140 -80 79.81197
140 -60 79.80337
140 -40 79.796036
140 -20 79.79043
140 0 79.78695
140 20 79.78583
140 40 79.787025
140 60 79.79025
140 80 79.79514
140 100 79.801315
140 120 79.80849
140 140 79.81641
140 160 79.82492
140 180 79.833916
140 200 79.843315
140 220 79.85305
140 240 79.86308
140 260 79.87335
140 280 79.88381
140 300 79.8944
140 320 79.90507
140 340 79.91576
140 360 79.92643
140 380 79.93706
140 400 79.947624
140 420 79.95812
140 440 79.968575
140 460 79.979004
140 480 79.98946
140 500 80.0
160 -500 80.0
160 -480 79.99362
160 -460 79.987434
160 -440 79.98126
160 -420 79.97495
160 -400 79.968376
160 -380 79.961426
160 -360 79.95401
160 -340 79.946075
160 -320 79.93761
160 -300 79.92862
160 -280 79.91916
160 -260 79.909325
160 -240 79.89923
160 -220 79.88899
160 -200 79.87873
160 -180 79.868576
160 -160 79.85863
160 -140 79.84899
160 -120 79.83978
160 -100 79.831116
160 -80 79.82315
160 -60 79.81609
160 -40 79.81018
160 -20 79.80567
160 0 79.80279
160 20 79.80165
160 40 79.802246
160 60 79.804436
160 80 79.80803
160 100 79.8128
160 120 79.81854
160 140 79.82511
160 160 79.832375
160 180 79.84023
160 200 79.848625
160 220 79.857475
160 240 79.86674
160 260 79.87635
160 280 79.886246
160 300 79.89637
160 320 79.90665
160 340 79.917015
160 360 79.92743
160 380 79.93784
160 400 79.94823
160 420 79.95858
160 440 79.9689
160 460 79.97922
160 480 79.98957
160 500 80.0
180 -500 80.0
180 -480 79.993744
180 -460 79.98767
180 -440 79.98161
180 -420 79.975426
180 -400 79.96898
180 -380 79.962166
180 -360 79.9549
180 -340 79.94715
180 -320 79.938896
180 -300 79.93015
180 -280 79.921
180 -260 79.91153
180 -240 79.90187
180 -220 79.89215
180 -200 79.882515
180 -180 79.87309
180 -160 79.86398
180 -140 79.8553
180 -120 79.847145
180 -100 79.839615
180 -80 79.832825
180 -60 79.82691
180 -40 79.82201
180 -20 79.818275
180 0 79.81583
180 20 79.814735
180 40 79.814995
180 60 79.816536
180 80 79.81925
180 100 79.82301
180 120 79.8277
180 140 79.833206
180 160 79.83945
180 180 79.84636
180 200 79.85387
180 220 79.86192
180 240 79.870476
180 260 79.87947
180 280 79.888824
180 300 79.89848
180 320 79.90837
180 340 79.91841
180 360 79.92854
180 380 79.93872
180 400 79.94891
180 420 79.9591
180 440 79.96928
180 460 79.97947
180 480 79.98969
180 500 80.0
200 -500 80.0
200 -480 79.99386
200 -460 79.9879
200 -440 79.98196
200 -420 79.975876
200 -400 79.96955
200 -380 79.962875
200 -360 79.955765
200 -340 79.94819
200 -320 79.94014
200 -300 79.93164
200 -280 79.922775
200 -260 79.91365
200 -240 79.9044
200 -220 79.89518
200 -200 79.88611
200 -180 79.877335
200 -160 79.868965
200 -140 79.8611
200 -120 79.85382
200 -100 79.8472
200 -80 79.841324
200 -60 79.836266
200 -40 79.83212
200 -20 79.828964
200 0 79.82686
200 20 79.82584
200 40 79.82591
200 60 79.82703
200 80 79.82914
200 100 79.83218
200 120 79.83606
200 140 79.84074
200 160 79.846146
200 180 79.85225
200 200 79.859
200 220 79.86635
200 240 79.87426
200 260 79.88266
200 280 79.8915
200 300 79.90071
200 320 79.9102
200 340 79.9199
200 360 79.92975
200 380 79.93969
200 400 79.94967
200 420 79.95968
200 440 79.969696
200 460 79.979744
200 480 79.98983
200 500 80.0
220 -500 80.0
220 -480 79.99398
220 -460 79.98813
220 -440 79.982285
220 -420 79.97632
220 -400 79.97011
220 -380 79.963554
220 -360 79.9566
220 -340 79.94919
220 -320 79.94134
220 -300 79.933075
220 -280 79.92449
220 -260 79.9157
220 -240 79.906845
220 -220 79.89807
220 -200 79.889534
220 -180 79.88134
220 -160 79.87362
220 -140 79.866455
220 -120 79.8599
220 -100 79.854034
220 -80 79.848885
220 -60 79.844505
220 -40 79.84094
220 -20 79.83823
220 0 79.836395
220 20 79.835464
220 40 79.83543
220 60 79.836266
220 80 79.83795
220 100 79.84045
220 120 79.84372
220 140 79.84773
220 160 79.85247
220 180 79.857895
220 200 79.86398
220 220 79.870705
220 240 79.87802
220 260 79.88589
220 280 79.89423
220 300 79.903
220 320 79.9121
220 340 79.92147
220 360 79.93102
220 380 79.940704
220 400 79.95047
220 420 79.96029
220 440 79.97014
220 460 79.980034
220 480 79.989975
220 500 80.0
240 -500 80.0
240 -480 79.99409
240 -460 79.98834
240 -440 79.982605
240 -420 79.97674
240 -400 79.970634
240 -380 79.96421
240 -360 79.95739
240 -340 79.95015
240 -320 79.94248
240 -300 79.934456
240 -280 79.92614
240 -260 79.91767
240 -240 79.90919
240 -220 79.90085
240 -200 79.892784
240 -180 79.885124
240 -160 79.87798
240 -140 79.871414
240 -120 79.865486
240 -100 79.86024
240 -80 79.855675
240 -60 79.85184
240 -40 79.84873
240 -20 79.846375
240 0 79.844765
240 20 79.84392
240 40 79.84382
240 60 79.84447
240 80 79.84585
240 100 79.847946
240 120 79.85074
240 140 79.85423
240 160 79.858406
240 180 79.86326
240 200 79.86878
240 220 79.87495
240 240 79.88173
240 260 79.88909
240 280 79.89697
240 300 79.90532
240 320 79.91404
240 340 79.923065
240 360 79.93233
240 380 79.94176
240 400 79.951294
240 420 79.960915
240 440 79.9706
240 460 79.98033
240 480 79.99013
240 500 80.0
260 -500 80.0
260 -480 79.994194
260 -460 79.98855
260 -440 79.982895
260 -420 79.97713
260 -400 79.97113
260 -380 79.96482
260 -360 79.95814
260 -340 79.95105
260 -320 79.94357
260 -300 79.93576
260 -280 79.92771
260 -260 79.91955
260 -240 79.91142
260 -220 79.90347
260 -200 79.89586
260 -180 79.88868
260 -160 79.88204
260 -140 79.87601
260 -120 79.870605
260 -100 79.86587
260 -80 79.8618
260 -60 79.8584
260 -40 79.85566
260 -20 79.853584
260 0 79.852165
260 20 79.851395
260 40 79.85127
260 60 79.85178
260 80 79.852936
260 100 79.85473
260 120 79.85715
260 140 79.86022
260 160 79.86394
260 180 79.8683
260 200 79.87333
260 220 79.879005
260 240 79.88531
260 260 79.892204
260 280 79.89966
260 300 79.9076
260 320 79.915955
260 340 79.92466
260 360 79.933624
260 380 79.942795
260 400 79.95211
260 420 79.96153
260 440 79.97104
260 460 79.98061
260 480 79.990265
260 500 80.0
280 -500 80.0
280 -480 79.99429
280 -460 79.98872
280 -440 79.98316
280 -420 79.977486
280 -400 79.97158
280 -380 79.96538
280 -360 79.95882
280 -340 79.95188
280 -320 79.94458
280 -300 79.93698
280 -280 79.929184
280 -260 79.92131
280 -240 79.91351
280 -220 79.90594
280 -200 79.89873
280 -180 79.89198
280 -160 79.885796
280 -140 79.88021
280 -120 79.87527
280 -100 79.870964
280 -80 79.867294
280 -60 79.86425
280 -40 79.86181
280 -20 79.85996
280 0 79.85869
280 20 79.857994
280 40 79.85785
280 60 79.85827
280 80 79.85925
280 100 79.8608
280 120 79.86294
280 140 79.86566
280 160 79.868996
280 180 79.87296
280 200 79.87756
280 220 79.882805
280 240 79.88868
280 260 79.895164
280 280 79.90222
280 300 79.90978
280 320 79.91779
280 340 79.926186
280 360 79.93487
280 380 79.94379
280 400 79.95289
280 420 79.96212
280 440 79.97145
280 460 79.98088
280 480 79.990395
280 500 80.0
300 -500 80.0
300 -480 79.99438
300 -460 79.988884
300 -440 79.98339
300 -420 79.97779
300 -400 79.97197
300 -380 79.965866
300 -360 79.95942
300 -340 79.95262
300 -320 79.945496
300 -300 79.938095
300 -280 79.930534
300 -260 79.92293
300 -240 79.915436
300 -220 79.9082
300 -200 79.90135
300 -180 79.89499
300 -160 79.8892
300 -140 79.88401
300 -120 79.87944
300 -100 79.875496
300 -80 79.872154
300 -60 79.8694
300 -40 79.867195
300 -20 79.86553
300 0 79.86439
300 20 79.86374
300 40 79.863594
300 60 79.863945
300 80 79.8648
300 100 79.866165
300 120 79.868065
300 140 79.870514
300 160 79.873535
300 180 79.87716
300 200 79.88141
300 220 79.88628
300 240 79.89178
300 260 79.897896
300 280 79.90459
300 300 79.91181
300 320 79.9195
300 340 79.9276
300 360 79.93602
300 380 79.9447
300 400 79.95359
300 420 79.96264
300 440 79.97182
300 460 79.9811
300 480 79.9905
300 500 80.0
320 -500 80.0
320 -480 79.99444
320 -460 79.989006
320 -440 79.98358
320 -420 79.978035
320 -400 79.9723
320 -380 79.96628
320 -360 79.95994
320 -340 79.95327
320 -320 79.94629
320 -300 79.93908
320 -280 79.931725
320 -260 79.92437
320 -240 79.91716
320 -220 79.910225
320 -200 79.903694
320 -180 79.897675
320 -160 79.89221
320 -140 79.88735
320 -120 79.8831
320 -100 79.879456
320 -80 79.87638
320 -60 79.87385
320 -40 79.87183
320 -20 79.870316
320 0 79.86926
320 20 79.86867
320 40 79.868515
320 60 79.86881
320 80 79.86957
320 100 79.87079
320 120 79.872505
320 140 79.87473
320 160 79.8775
320 180 79.88085
320 200 79.884796
320 220 79.88936
320 240 79.89454
320 260 79.90033
320 280 79.9067
320 300 79.91362
320 320 79.92103
320 340 79.928856
320 360 79.937035
320 380 79.9455
320 400 79.9542
320 420 79.96308
320 440 79.972115
320 460 79.981285
320 480 79.990585
320 500 80.0
340 -500 80.0
340 -480 79.994484
340 -460 79.9891
340 -440 79.98372
340 -420 79.978226
340 -400 79.97255
340 -380 79.9666
340 -360 79.96036
340 -340 79.9538
340 -320 79.94695
340 -300 79.9399
340 -280 79.93275
340 -260 79.92561
340 -240 79.91865
340 -220 79.91198
340 -200 79.90573
340 -180 79.89999
340 -160 79.89481
340 -140 79.89023
340 -120 79.88623
340 -100 79.88282
340 -80 79.87995
340 -60 79.8776
340 -40 79.87573
340 -20 79.87433
340 0 79.873344
340 20 79.87279
340 40 79.872635
340 60 79.87289
340 80 79.873566
340 100 79.87467
340 120 79.87624
340 140 79.878296
340 160 79.88087
340 180 79.883995
340 200 79.887695
340 220 79.89199
340 240 79.896904
340 260 79.90243
340 280 79.90853
340 300 79.915184
340 320 79.92234
340 340 79.92993
340 360 79.9379
340 380 79.94617
340 400 79.9547
340 420 79.96343
340 440 79.97235
340 460 79.98142
340 480 79.99064
340 500 80.0
360 -500 80.0
360 -480 79.994514
360 -460 79.98916
360 -440 79.98381
360 -420 79.978355
360 -400 79.972725
360 -380 79.96684
360 -360 79.96067
360 -340 79.95421
360 -320 79.94749
360 -300 79.94058
360 -280 79.93359
360 -260 79.92665
360 -240 79.91989
360 -220 79.91345
360 -200 79.90743
360 -180 79.901924
360 -160 79.89698
360 -140 79.89262
360 -120 79.88883
360 -100 79.8856
360 -80 79.8829
360 -60 79.880684
360 -40 79.87893
360 -20 79.8776
360 0 79.87667
360 20 79.87614
360 40 79.875984
360 60 79.876205
360 80 79.87682
360 100 79.877846
360 120 79.8793
360 140 79.881226
360 160 79.88364
360 180 79.88658
360 200 79.89009
360 220 79.89418
360 240 79.89887
360 260 79.90417
360 280 79.91005
360 300 79.91648
360 320 79.92342
360 340 79.93082
360 360 79.9386
360 380 79.94671
360 400 79.955086
360 420 79.9637
360 440 79.97251
360 460 79.98151
360 480 79.99067
360 500 80.0
380 -500 80.0
380 -480 79.99452
380 -460 79.98919
380 -440 79.98386
380 -420 79.97843
380 -400 79.97284
380 -380 79.967
380 -360 79.96089
380 -340 79.95451
380 -320 79.94789
380 -300 79.9411
380 -280 79.93426
380 -260 79.927475
380 -240 79.92089
380 -220 79.914635
380 -200 79.90881
380 -180 79.903496
380 -160 79.898735
380 -140 79.89455
380 -120 79.890915
380 -100 79.887825
380 -80 79.88525
380 -60 79.88314
380 -40 79.88146
380 -20 79.880196
380 0 79.87931
380 20 79.87879
380 40 79.87863
380 60 79.87883
380 80 79.8794
380 100 79.88036
380 120 79.88174
380 140 79.88355
380 160 79.88585
380 180 79.88866
380 200 79.892006
380 220 79.895935
380 240 79.90046
380 260 79.90557
380 280 79.91127
380 300 79.91753
380 320 79.92429
380 340 79.93152
380 360 79.93915
380 380 79.94712
380 400 79.95538
380 420 79.96389
380 440 79.97262
380 460 79.98155
380 480 79.99068
380 500 80.0
400 -500 80.0
400 -480 79.99453
400 -460 79.98919
400 -440 79.98387
400 -420 79.97847
400 -400 79.97289
400 -380 79.967094
400 -360 79.96104
400 -340 79.95472
400 -320 79.94818
400 -300 79.94149
400 -280 79.93476
400 -260 79.92811
400 -240 79.92167
400 -220 79.915565
400 -200 79.9099
400 -180 79.904724
400 -160 79.90011
400 -140 79.89605
400 -120 79.89254
400 -100 79.88956
400 -80 79.88707
400 -60 79.88503
400 -40 79.883415
400 -20 79.882195
400 0 79.88133
400 20 79.88082
400 40 79.88066
400 60 79.880844
400 80 79.881386
400 100 79.88229
400 120 79.883606
400 140 79.885345
400 160 79.88755
400 180 79.89026
400 200 79.8935
400 220 79.8973
400 240 79.90169
400 260 79.90667
400 280 79.912224
400 300 79.918335
400 320 79.924965
400 340 79.93206
400 360 79.93956
400 380 79.947426
400 400 79.95559
400 420 79.96402
400 440 79.97268
400 460 79.98157
400 480 79.99067
400 500 80.0
420 -500 80.0
420 -480 79.99452
420 -460 79.98918
420 -440 79.983864
420 -420 79.97847
420 -400 79.972916
420 -380 79.96714
420 -360 79.96111
420 -340 79.95485
420 -320 79.94837
420 -300 79.941765
420 -280 79.93513
420 -260 79.92858
420 -240 79.92226
420 -220 79.91627
420 -200 79.910706
420 -180 79.905655
420 -160 79.901146
420 -140 79.89718
420 -120 79.89376
420 -100 79.890854
420 -80 79.88843
420 -60 79.886444
420 -40 79.88487
420 -20 79.883675
420 0 79.882835
420 20 79.88233
420 40 79.882164
420 60 79.88234
420 80 79.88285
420 100 79.88373
420 120 79.884995
420 140 79.88669
420 160 79.888824
420 180 79.89146
420 200 79.894615
420 220 79.89833
420 240 79.90262
420 260 79.907486
420 280 79.91294
420 300 79.918945
420 320 79.92546
420 340 79.93246
420 360 79.939865
420 380 79.94764
420 400 79.95573
420 420 79.964096
420 440 79.97271
420 460 79.98157
420 480 79.99066
420 500 80.0
440 -500 80.0
440 -480 79.994514
440 -460 79.98917
440 -440 79.98385
440 -420 79.978455
440 -400 79.97291
440 -380 79.96715
440 -360 79.96115
440 -340 79.95492
440 -320 79.948494
440 -300 79.94195
440 -280 79.93538
440 -260 79.92891
440 -240 79.92267
440 -220 79.91676
440 -200 79.91129
440 -180 79.90632
440 -160 79.901886
440 -140 79.89799
440 -120 79.89463
440 -100 79.89178
440 -80 79.8894
440 -60 79.88744
440 -40 79.8859
440 -20 79.88472
440 0 79.883896
440 20 79.8834
440 40 79.88323
440 60 79.88339
440 80 79.88389
440 100 79.88474
440 120 79.88598
440 140 79.88763
440 160 79.889725
440 180 79.89231
440 200 79.89541
440 220 79.899055
440 240 79.903275
440 260 79.90807
440 280 79.91345
440 300 79.91937
440 320 79.92582
440 340 79.93274
440 360 79.94008
440 380 79.94779
440 400 79.955826
440 420 79.96414
440 440 79.972725
440 460 79.98156
440 480 79.99065
440 500 80.0
460 -500 80.0
460 -480 79.9945
460 -460 79.98915
460 -440 79.983826
460 -420 79.97843
460 -400 79.97289
460 -380 79.96714
460 -360 79.96116
460 -340 79.95495
460 -320 79.948555
460 -300 79.942055
460 -280 79.93553
460 -260 79.929115
460 -240 79.92293
460 -220 79.91708
460 -200 79.91167
460 -180 79.90675
460 -160 79.90237
460 -140 79.89851
460 -120 79.895195
460 -100 79.89237
460 -80 79.890015
460 -60 79.88809
460 -40 79.88656
460 -20 79.88539
460 0 79.88457
460 20 79.88408
460 40 79.88391
460 60 79.88406
460 80 79.88455
460 100 79.88539
460 120 79.88661
460 140 79.88824
460 160 79.89031
460 180 79.89286
460 200 79.89592
460 220 79.89953
460 240 79.90371
460 260 79.90846
460 280 79.91378
460 300 79.919655
460 320 79.926056
460 340 79.93292
460 360 79.940216
460 380 79.94788
460 400 79.95588
460 420 79.96417
460 440 79.97273
460 460 79.98155
460 480 79.99064
460 500 80.0
480 -500 80.0
480 -480 79.9945
480 -460 79.98914
480 -440 79.98382
480 -420 79.97842
480 -400 79.97288
480 -380 79.96713
480 -360 79.96116
480 -340 79.95496
480 -320 79.948586
480 -300 79.9421
480 -280 79.93561
480 -260 79.92922
480 -240 79.923065
480 -220 79.917244
480 -200 79.91186
480 -180 79.90697
480 -160 79.9026
480 -140 79.89878
480 -120 79.89548
480 -100 79.89267
480 -80 79.89033
480 -60 79.88841
480 -40 79.88689
480 -20 79.88573
480 0 79.88491
480 20 79.884415
480 40 79.88425
480 60 79.88439
480 80 79.88488
480 100 79.88571
480 120 79.886925
480 140 79.88854
480 160 79.890594
480 180 79.893135
480 200 79.89618
480 220 79.89977
480 240 79.90392
480 260 79.90865
480 280 79.91395
480 300 79.9198
480 320 79.92617
480 340 79.933014
480 360 79.940285
480 380 79.94793
480 400 79.95591
480 420 79.96419
480 440 79.97274
480 460 79.98155
480 480 79.99063
480 500 80.0
