-480 -500 80.0
-480 -480 79.98963
-480 -460 79.979454
-480 -440 79.96953
-480 -420 79.959915
-480 -400 79.95069
-480 -380 79.94191
-480 -360 79.93362
-480 -340 79.92584
-480 -320 79.91861
-480 -300 79.91192
-480 -280 79.905754
-480 -260 79.90009
-480 -240 79.89491
-480 -220 79.89017
-480 -200 79.88583
-480 -180 79.88188
-480 -160 79.87828
-480 -140 79.87503
-480 -120 79.872116
-480 -100 79.86954
-480 -80 79.867325
-480 -60 79.86549
-480 -40 79.86408
-480 -20 79.86312
-480 0 79.86264
-480 20 79.86268
-480 40 79.86326
-480 60 79.86439
-480 80 79.866066
-480 100 79.868286
-480 120 79.87103
-480 140 79.87428
-480 160 79.878006
-480 180 79.88218
-480 200 79.88679
-480 220 79.891815
-480 240 79.89724
-480 260 79.903076
-480 280 79.9093
-480 300 79.915924
-480 320 79.92294
-480 340 79.93034
-480 360 79.93811
-480 380 79.94623
-480 400 79.95466
-480 420 79.96337
-480 440 79.97231
-480 460 79.98144
-480 480 79.990685
-480 500 80.0
-460 -500 80.0
-460 -480 79.98966
-460 -460 79.97949
-460 -440 79.96957
-460 -420 79.95995
-460 -400 79.950714
-460 -380 79.94191
-460 -360 79.933586
-460 -340 79.92578
-460 -320 79.91852
-460 -300 79.91179
-460 -280 79.905594
-460 -260 79.899895
-460 -240 79.89468
-460 -220 79.88989
-460 -200 79.88552
-460 -180 79.88153
-460 -160 79.8779
-460 -140 79.87461
-460 -120 79.87166
-460 -100 79.86906
-460 -80 79.86681
-460 -60 79.86496
-460 -40 79.863525
-460 -20 79.86254
-460 0 79.86205
-460 20 79.86208
-460 40 79.86266
-460 60 79.8638
-460 80 79.86549
-460 100 79.86774
-460 120 79.87051
-460 140 79.87379
-460 160 79.87754
-460 180 79.88175
-460 200 79.8864
-460 220 79.89146
-460 240 79.89693
-460 260 79.902794
-460 280 79.90906
-460 300 79.91572
-460 320 79.92277
-460 340 79.9302
-460 360 79.937996
-460 380 79.94614
-460 400 79.9546
-460 420 79.96333
-460 440 79.9723
-460 460 79.98144
-460 480 79.990685
-460 500 80.0
-440 -500 80.0
-440 -480 79.989716
-440 -460 79.979576
-440 -440 79.96965
-440 -420 79.960014
-440 -400 79.950745
-440 -380 79.941895
-440 -360 79.93352
-440 -340 79.92565
-440 -320 79.91832
-440 -300 79.91152
-440 -280 79.90524
-440 -260 79.89947
-440 -240 79.894165
-440 -220 79.88931
-440 -200 79.88486
-440 -180 79.88079
-440 -160 79.87708
-440 -140 79.87372
-440 -120 79.87069
-440 -100 79.86802
-440 -80 79.865715
-440 -60 79.8638
-440 -40 79.86231
-440 -20 79.8613
-440 0 79.86079
-440 20 79.86081
-440 40 79.86139
-440 60 79.86254
-440 80 79.864265
-440 100 79.866554
-440 120 79.869385
-440 140 79.87272
-440 160 79.87655
-440 180 79.88083
-440 200 79.88555
-440 220 79.89069
-440 240 79.89624
-440 260 79.90218
-440 280 79.90852
-440 300 79.91526
-440 320 79.92238
-440 340 79.92988
-440 360 79.937744
-440 380 79.945946
-440 400 79.95446
-440 420 79.96324
-440 440 79.972244
-440 460 79.981415
-440 480 79.990685
-440 500 80.0
-420 -500 80.0
-420 -480 79.989784
-420 -460 79.97967
-420 -440 79.96975
-420 -420 79.96009
-420 -400 79.95077
-420 -380 79.94186
-420 -360 79.933395
-420 -340 79.92543
-420 -320 79.917984
-420 -300 79.91107
-420 -280 79.90467
-420 -260 79.898766
-420 -240 79.89334
-420 -220 79.88834
-420 -200 79.883766
-420 -180 79.87957
-420 -160 79.875725
-420 -140 79.87224
-420 -120 79.869095
-420 -100 79.8663
-420 -80 79.86389
-420 -60 79.861885
-420 -40 79.86032
-420 -20 79.859245
-420 0 79.85869
-420 20 79.858696
-420 40 79.85928
-420 60 79.860466
-420 80 79.86224
-420 100 79.86461
-420 120 79.86752
-420 140 79.87097
-420 160 79.874916
-420 180 79.879326
-420 200 79.88417
-420 220 79.88944
-420 240 79.89512
-420 260 79.90119
-420 280 79.90765
-420 300 79.914505
-420 320 79.92174
-420 340 79.929344
-420 360 79.93731
-420 380 79.94561
-420 400 79.95421
-420 420 79.96307
-420 440 79.97214
-420 460 79.98136
-420 480 79.99067
-420 500 80.0
-400 -500 80.0
-400 -480 79.98985
-400 -460 79.979774
-400 -440 79.96985
-400 -420 79.96016
-400 -400 79.950775
-400 -380 79.941765
-400 -360 79.93319
-400 -340 79.92509
-400 -320 79.91749
-400 -300 79.9104
-400 -280 79.903824
-400 -260 79.897736
-400 -240 79.89211
-400 -220 79.88693
-400 -200 79.88216
-400 -180 79.87776
-400 -160 79.873726
-400 -140 79.87005
-400 -120 79.86672
-400 -100 79.863754
-400 -80 79.86118
-400 -60 79.85904
-400 -40 79.85735
-400 -20 79.856186
-400 0 79.85557
-400 20 79.85555
-400 40 79.856155
-400 60 79.85739
-400 80 79.85925
-400 100 79.86173
-400 120 79.86479
-400 140 79.86839
-400 160 79.87251
-400 180 79.877106
-400 200 79.88214
-400 220 79.8876
-400 240 79.89347
-400 260 79.89973
-400 280 79.90637
-400 300 79.9134
-400 320 79.92079
-400 340 79.92856
-400 360 79.93666
-400 380 79.94509
-400 400 79.95382
-400 420 79.96278
-400 440 79.971954
-400 460 79.981255
-400 480 79.99063
-400 500 80.0
-380 -500 80.0
-380 -480 79.98992
-380 -460 79.97987
-380 -440 79.96994
-380 -420 79.9602
-380 -400 79.95073
-380 -380 79.941605
-380 -360 79.93288
-380 -340 79.9246
-380 -320 79.916794
-380 -300 79.909485
-380 -280 79.902664
-380 -260 79.896324
-380 -240 79.89044
-380 -220 79.88499
-380 -200 79.87994
-380 -180 79.87527
-380 -160 79.870964
-380 -140 79.86701
-380 -120 79.86343
-380 -100 79.86022
-380 -80 79.85742
-380 -60 79.85507
-380 -40 79.85322
-380 -20 79.85192
-380 0 79.851234
-380 20 79.85119
-380 40 79.851814
-380 60 79.85313
-380 80 79.85511
-380 100 79.85776
-380 120 79.861015
-380 140 79.86485
-380 160 79.86922
-380 180 79.87407
-380 200 79.87937
-380 220 79.88509
-380 240 79.89122
-380 260 79.897736
-380 280 79.904625
-380 300 79.91188
-380 320 79.919495
-380 340 79.92746
-380 360 79.93576
-380 380 79.94437
-380 400 79.95325
-380 420 79.962364
-380 440 79.971664
-380 460 79.98108
-380 480 79.99055
-380 500 80.0
-360 -500 80.0
-360 -480 79.98998
-360 -460 79.97995
-360 -440 79.97
-360 -420 79.9602
-360 -400 79.95063
-360 -380 79.94136
-360 -360 79.93245
-360 -340 79.92394
-360 -320 79.915886
-360 -300 79.90829
-360 -280 79.90116
-360 -260 79.894485
-360 -240 79.88826
-360 -220 79.882454
-360 -200 79.877045
-360 -180 79.87201
-360 -160 79.86734
-360 -140 79.86304
-360 -120 79.8591
-360 -100 79.85556
-360 -80 79.852455
-360 -60 79.84984
-360 -40 79.84776
-360 -20 79.8463
-360 0 79.845505
-360 20 79.84543
-360 40 79.84609
-360 60 79.84752
-360 80 79.849686
-360 100 79.852554
-360 120 79.856094
-360 140 79.860245
-360 160 79.864944
-360 180 79.87014
-360 200 79.87579
-360 220 79.881874
-360 240 79.888336
-360 260 79.89518
-360 280 79.902374
-360 300 79.90993
-360 320 79.91782
-360 340 79.92605
-360 360 79.93458
-360 380 79.943405
-360 400 79.95249
-360 420 79.961784
-360 440 79.97125
-360 460 79.98082
-360 480 79.990425
-360 500 80.0
-340 -500 80.0
-340 -480 79.99001
-340 -460 79.979996
-340 -440 79.97002
-340 -420 79.960144
-340 -400 79.95046
-340 -380 79.941025
-340 -360 79.93189
-340 -340 79.923134
-340 -320 79.914764
-340 -300 79.90682
-340 -280 79.899315
-340 -260 79.89224
-340 -240 79.88559
-340 -220 79.87934
-340 -200 79.873474
-340 -180 79.86798
-340 -160 79.86285
-340 -140 79.85808
-340 -120 79.85369
-340 -100 79.849724
-340 -80 79.84623
-340 -60 79.84326
-340 -40 79.84091
-340 -20 79.83924
-340 0 79.83832
-340 20 79.83821
-340 40 79.83894
-340 60 79.84052
-340 80 79.842926
-340 100 79.84611
-340 120 79.850006
-340 140 79.85456
-340 160 79.85969
-340 180 79.86533
-340 200 79.87143
-340 220 79.87794
-340 240 79.88483
-340 260 79.89207
-340 280 79.89965
-340 300 79.907555
-340 320 79.91578
-340 340 79.92431
-340 360 79.93313
-340 380 79.942215
-340 400 79.95153
-340 420 79.96105
-340 440 79.97071
-340 460 79.98047
-340 480 79.99026
-340 500 80.0
-320 -500 80.0
-320 -480 79.990036
-320 -460 79.98001
-320 -440 79.96999
-320 -420 79.960045
-320 -400 79.95023
-320 -380 79.94061
-320 -360 79.93125
-320 -340 79.92219
-320 -320 79.913475
-320 -300 79.90514
-320 -280 79.897194
-320 -260 79.88965
-320 -240 79.882484
-320 -220 79.87571
-320 -200 79.86929
-320 -180 79.863235
-320 -160 79.85754
-320 -140 79.8522
-320 -120 79.847275
-320 -100 79.84278
-320 -80 79.8388
-320 -60 79.83541
-320 -40 79.83271
-320 -20 79.83079
-320 0 79.82973
-320 20 79.82959
-320 40 79.83042
-320 60 79.83221
-320 80 79.834915
-320 100 79.83849
-320 120 79.84285
-320 140 79.8479
-320 160 79.85356
-320 180 79.85974
-320 200 79.86636
-320 220 79.8734
-320 240 79.880775
-320 260 79.88849
-320 280 79.896515
-320 300 79.90483
-320 320 79.91344
-320 340 79.92231
-320 360 79.93145
-320 380 79.94082
-320 400 79.9504
-320 420 79.96017
-320 440 79.97006
-320 460 79.98004
-320 480 79.99004
-320 500 80.0
-300 -500 80.0
-300 -480 79.99003
-300 -460 79.979996
-300 -440 79.96994
-300 -420 79.959915
-300 -400 79.949974
-300 -380 79.94017
-300 -360 79.93056
-300 -340 79.92118
-300 -320 79.912094
-300 -300 79.90333
-300 -280 79.89489
-300 -260 79.88681
-300 -240 79.87908
-300 -220 79.8717
-300 -200 79.864655
-300 -180 79.85795
-300 -160 79.85159
-300 -140 79.8456
-300 -120 79.84001
-300 -100 79.8349
-300 -80 79.830345
-300 -60 79.82646
-300 -40 79.82335
-300 -20 79.82114
-300 0 79.819916
-300 20 79.81976
-300 40 79.82072
-300 60 79.82276
-300 80 79.82585
-300 100 79.82991
-300 120 79.834816
-300 140 79.84046
-300 160 79.84674
-300 180 79.85354
-300 200 79.86078
-300 220 79.86839
-300 240 79.876335
-300 260 79.884575
-300 280 79.89308
-300 300 79.90185
-300 320 79.910866
-300 340 79.92012
-300 360 79.929596
-300 380 79.93928
-300 400 79.94915
-300 420 79.959175
-300 440 79.969315
-300 460 79.97954
-300 480 79.989784
-300 500 80.0
-280 -500 80.0
-280 -480 79.99002
-280 -460 79.979965
-280 -440 79.96987
-280 -420 79.95978
-280 -400 79.949715
-280 -380 79.939735
-280 -360 79.92987
-280 -340 79.92019
-280 -320 79.91071
-280 -300 79.90149
-280 -280 79.89254
-280 -260 79.88389
-280 -240 79.87554
-280 -220 79.86749
-280 -200 79.85976
-280 -180 79.852325
-280 -160 79.84522
-280 -140 79.83848
-280 -120 79.83215
-280 -100 79.82633
-280 -80 79.82112
-280 -60 79.81666
-280 -40 79.81307
-280 -20 79.810524
-280 0 79.80913
-280 20 79.808975
-280 40 79.81009
-280 60 79.812454
-280 80 79.81601
-280 100 79.820625
-280 120 79.826164
-280 140 79.8325
-280 160 79.83946
-280 180 79.846954
-280 200 79.85487
-280 220 79.86313
-280 240 79.87167
-280 260 79.88047
-280 280 79.889496
-280 300 79.89874
-280 320 79.90818
-280 340 79.91782
-280 360 79.92765
-280 380 79.93765
-280 400 79.947815
-280 420 79.958115
-280 440 79.96851
-280 460 79.97899
-280 480 79.9895
-280 500 80.0
-260 -500 80.0
-260 -480 79.99
-260 -460 79.979935
-260 -440 79.96982
-260 -420 79.95967
-260 -400 79.94951
-260 -380 79.93936
-260 -360 79.92927
-260 -340 79.91927
-260 -320 79.909424
-260 -300 79.89974
-260 -280 79.890274
-260 -260 79.88103
-260 -240 79.87203
-260 -220 79.86329
-260 -200 79.854805
-260 -180 79.84659
-260 -160 79.83868
-260 -140 79.83111
-260 -120 79.82396
-260 -100 79.817345
-260 -80 79.811386
-260 -60 79.80626
-260 -40 79.80215
-260 -20 79.79922
-260 0 79.79763
-260 20 79.79748
-260 40 79.7988
-260 60 79.80155
-260 80 79.80563
-260 100 79.81089
-260 120 79.817154
-260 140 79.824234
-260 160 79.83197
-260 180 79.84022
-260 200 79.848854
-260 220 79.85779
-260 240 79.86697
-260 260 79.87634
-260 280 79.885895
-260 300 79.895615
-260 320 79.905495
-260 340 79.91553
-260 360 79.925705
-260 380 79.93602
-260 400 79.946465
-260 420 79.95703
-260 440 79.96769
-260 460 79.978424
-260 480 79.989204
-260 500 80.0
-240 -500 80.0
-240 -480 79.98999
-240 -460 79.97993
-240 -440 79.9698
-240 -420 79.95962
-240 -400 79.94938
-240 -380 79.939095
-240 -360 79.928795
-240 -340 79.91852
-240 -320 79.9083
-240 -300 79.898186
-240 -280 79.88819
-240 -260 79.878365
-240 -240 79.868706
-240 -220 79.85924
-240 -200 79.849976
-240 -180 79.840935
-240 -160 79.83215
-240 -140 79.82369
-240 -120 79.81564
-240 -100 79.80813
-240 -80 79.80134
-240 -60 79.79546
-240 -40 79.79074
-240 -20 79.78739
-240 0 79.78559
-240 20 79.78545
-240 40 79.78702
-240 60 79.79022
-240 80 79.794914
-240 100 79.8009
-240 120 79.80797
-240 140 79.81588
-240 160 79.82444
-240 180 79.83348
-240 200 79.84287
-240 220 79.85251
-240 240 79.862335
-240 260 79.8723
-240 280 79.882385
-240 300 79.89258
-240 320 79.90288
-240 340 79.91329
-240 360 79.923805
-240 380 79.934425
-240 400 79.94515
-240 420 79.95597
-240 440 79.96688
-240 460 79.97787
-240 480 79.98891
-240 500 80.0
-220 -500 80.0
-220 -480 79.98999
-220 -460 79.97995
-220 -440 79.96984
-220 -420 79.959656
-220 -400 79.94936
-220 -380 79.93897
-220 -360 79.9285
-220 -340 79.91797
-220 -320 79.90742
-220 -300 79.89688
-220 -280 79.88639
-220 -260 79.875984
-220 -240 79.86567
-220 -220 79.85547
-220 -200 79.845406
-220 -180 79.8355
-220 -160 79.8258
-220 -140 79.816376
-220 -120 79.80733
-220 -100 79.79883
-220 -80 79.791084
-220 -60 79.784355
-220 -40 79.77892
-220 -20 79.77507
-220 0 79.773026
-220 20 79.77292
-220 40 79.77479
-220 60 79.77852
-220 80 79.78392
-220 100 79.79075
-220 120 79.798706
-220 140 79.807526
-220 160 79.81698
-220 180 79.826866
-220 200 79.837036
-220 220 79.84739
-220 240 79.857864
-220 260 79.868416
-220 280 79.87902
-220 300 79.88969
-220 320 79.9004
-220 340 79.91117
-220 360 79.92201
-220 380 79.93292
-220 400 79.94391
-220 420 79.95497
-220 440 79.96611
-220 460 79.977325
-220 480 79.988625
-220 500 80.0
-200 -500 80.0
-200 -480 79.99001
-200 -460 79.98002
-200 -440 79.969955
-200 -420 79.959785
-200 -400 79.94948
-200 -380 79.93901
-200 -360 79.9284
-200 -340 79.917656
-200 -320 79.90681
-200 -300 79.89588
-200 -280 79.88492
-200 -260 79.87395
-200 -240 79.86298
-200 -220 79.85205
-200 -200 79.84117
-200 -180 79.830376
-200 -160 79.819695
-200 -140 79.80922
-200 -120 79.79907
-200 -100 79.78945
-200 -80 79.78062
-200 -60 79.77287
-200 -40 79.7666
-200 -20 79.762146
-200 0 79.7598
-200 20 79.75975
-200 40 79.761986
-200 60 79.766365
-200 80 79.77262
-200 100 79.78041
-200 120 79.78938
-200 140 79.79921
-200 160 79.80962
-200 180 79.8204
-200 200 79.83138
-200 220 79.84247
-200 240 79.8536
-200 260 79.86473
-200 280 79.87585
-200 300 79.88696
-200 320 79.89807
-200 340 79.909195
-200 360 79.92034
-200 380 79.931526
-200 400 79.94276
-200 420 79.95404
-200 440 79.9654
-200 460 79.97683
-200 480 79.988365
-200 500 80.0
-180 -500 80.0
-180 -480 79.99007
-180 -460 79.98014
-180 -440 79.970146
-180 -420 79.96003
-180 -400 79.94974
-180 -380 79.93923
-180 -360 79.92852
-180 -340 79.917595
-180 -320 79.90648
-180 -300 79.8952
-180 -280 79.8838
-180 -260 79.872284
-180 -240 79.860695
-180 -220 79.84903
-180 -200 79.83732
-180 -180 79.825584
-180 -160 79.813866
-180 -140 79.802246
-180 -120 79.79088
-180 -100 79.77996
-180 -80 79.76982
-180 -60 79.76086
-180 -40 79.75353
-180 -20 79.74832
-180 0 79.74561
-180 20 79.74563
-180 40 79.74835
-180 60 79.753555
-180 80 79.76085
-180 100 79.76979
-180 120 79.77993
-180 140 79.79089
-180 160 79.80235
-180 180 79.81408
-180 200 79.82591
-180 220 79.83775
-180 240 79.84954
-180 260 79.861244
-180 280 79.87287
-180 300 79.88442
-180 320 79.89592
-180 340 79.90738
-180 360 79.918816
-180 380 79.93025
-180 400 79.94171
-180 420 79.9532
-180 440 79.96475
-180 460 79.97639
-180 480 79.98813
-180 500 80.0
-160 -500 80.0
-160 -480 79.99014
-160 -460 79.98032
-160 -440 79.97043
-160 -420 79.96039
-160 -400 79.95014
-160 -380 79.93964
-160 -360 79.928856
-160 -340 79.917786
-160 -320 79.90645
-160 -300 79.89486
-160 -280 79.88304
-160 -260 79.871025
-160 -240 79.85881
-160 -220 79.84643
-160 -200 79.83387
-160 -180 79.82116
-160 -160 79.808334
-160 -140 79.795456
-160 -120 79.782684
-160 -100 79.770256
-160 -80 79.75854
-160 -60 79.74803
-160 -40 79.73935
-160 -20 79.73314
-160 0 79.72995
-160 20 79.73008
-160 40 79.733475
-160 60 79.73976
-160 80 79.74838
-160 100 79.758736
-160 120 79.77027
-160 140 79.78252
-160 160 79.79514
-160 180 79.80789
-160 200 79.82062
-160 220 79.83323
-160 240 79.84568
-160 260 79.857956
-160 280 79.87008
-160 300 79.882065
-160 320 79.89393
-160 340 79.90571
-160 360 79.91742
-160 380 79.9291
-160 400 79.94077
-160 420 79.95245
-160 440 79.96419
-160 460 79.976
-160 480 79.98792
-160 500 80.0
-140 -500 80.0
-140 -480 79.99026
-140 -460 79.98056
-140 -440 79.97079
-140 -420 79.96086
-140 -400 79.95068
-140 -380 79.940216
-140 -360 79.929405
-140 -340 79.918236
-140 -320 79.906715
-140 -300 79.89485
-140 -280 79.88267
-140 -260 79.87016
-140 -240 79.85737
-140 -220 79.84427
-140 -200 79.83086
-140 -180 79.81714
-140 -160 79.80312
-140 -140 79.78886
-140 -120 79.77448
-140 -100 79.76025
-140 -80 79.74656
-140 -60 79.73405
-140 -40 79.72353
-140 -20 79.715935
-140 0 79.71208
-140 20 79.71242
-140 40 79.71679
-140 60 79.72458
-140 80 79.734955
-140 100 79.74709
-140 120 79.76031
-140 140 79.774055
-140 160 79.78797
-140 180 79.801834
-140 200 79.81549
-140 220 79.828896
-140 240 79.84201
-140 260 79.854866
-140 280 79.86747
-140 300 79.87987
-140 320 79.89209
-140 340 79.904175
-140 360 79.91616
-140 380 79.92807
-140 400 79.93993
-140 420 79.951805
-140 440 79.9637
-140 460 79.97566
-140 480 79.98775
-140 500 80.0
-120 -500 80.0
-120 -480 79.990395
-120 -460 79.98085
-120 -440 79.97124
-120 -420 79.96144
-120 -400 79.95137
-120 -380 79.94096
-120 -360 79.93016
-120 -340 79.91893
-120 -320 79.90727
-120 -300 79.89518
-120 -280 79.88267
-120 -260 79.869736
-120 -240 79.856384
-120 -220 79.84259
-120 -200 79.82834
-120 -180 79.81358
-120 -160 79.79831
-120 -140 79.782524
-120 -120 79.76631
-120 -100 79.74989
-120 -80 79.73372
-120 -60 79.71853
-120 -40 79.70543
-120 -20 79.69579
-120 0 79.69096
-120 20 79.69168
-120 40 79.69758
-120 60 79.70756
-120 80 79.72034
-120 100 79.73478
-120 120 79.75004
-120 140 79.765526
-120 160 79.78088
-120 180 79.79594
-120 200 79.81057
-120 220 79.82477
-120 240 79.83856
-120 260 79.85197
-120 280 79.86505
-120 300 79.877846
-120 320 79.89041
-120 340 79.90279
-120 360 79.91502
-120 380 79.92715
-120 400 79.93921
-120 420 79.95123
-120 440 79.96328
-120 460 79.97539
-120 480 79.98761
-120 500 80.0
-100 -500 80.0
-100 -480 79.99056
-100 -460 79.981186
-100 -440 79.97175
-100 -420 79.96211
-100 -400 79.95219
-100 -380 79.94187
-100 -360 79.931114
-100 -340 79.919876
-100 -320 79.90812
-100 -300 79.89585
-100 -280 79.883064
-100 -260 79.86975
-100 -240 79.855896
-100 -220 79.84146
-100 -200 79.82639
-100 -180 79.81062
-100 -160 79.79405
-100 -140 79.77663
-100 -120 79.75834
-100 -100 79.73933
-100 -80 79.71999
-100 -60 79.70116
-100 -40 79.68426
-100 -20 79.67143
-100 0 79.66504
-100 20 79.666534
-100 40 79.67498
-100 60 79.68829
-100 80 79.70444
-100 100 79.72186
-100 120 79.7396
-100 140 79.75708
-100 160 79.774025
-100 180 79.790306
-100 200 79.80593
-100 220 79.82092
-100 240 79.83536
-100 260 79.8493
-100 280 79.86282
-100 300 79.876
-100 320 79.88889
-100 340 79.90154
-100 360 79.91401
-100 380 79.92634
-100 400 79.938576
-100 420 79.95075
-100 440 79.96294
-100 460 79.97516
-100 480 79.987495
-100 500 80.0
-80 -500 80.0
-80 -480 79.990746
-80 -460 79.98157
-80 -440 79.97232
-80 -420 79.962875
-80 -400 79.95311
-80 -380 79.942924
-80 -360 79.93225
-80 -340 79.921036
-80 -320 79.90925
-80 -300 79.89686
-80 -280 79.883865
-80 -260 79.87024
-80 -240 79.85596
-80 -220 79.840965
-80 -200 79.82516
-80 -180 79.80842
-80 -160 79.79059
-80 -140 79.771484
-80 -120 79.75096
-80 -100 79.72895
-80 -80 79.70566
-80 -60 79.68183
-80 -40 79.65922
-80 -20 79.64103
-80 0 79.63182
-80 20 79.63508
-80 40 79.64808
-80 60 79.666626
-80 80 79.687485
-80 100 79.70873
-80 120 79.72939
-80 140 79.74907
-80 160 79.76765
-80 180 79.78517
-80 200 79.801735
-80 220 79.81747
-80 240 79.83249
-80 260 79.84692
-80 280 79.86085
-80 300 79.87436
-80 320 79.88754
-80 340 79.900444
-80 360 79.91313
-80 380 79.925644
-80 400 79.938034
-80 420 79.950356
-80 440 79.962654
-80 460 79.97498
-80 480 79.98741
-80 500 80.0
-60 -500 80.0
-60 -480 79.990944
-60 -460 79.98198
-60 -440 79.972946
-60 -420 79.9637
-60 -400 79.954124
-60 -380 79.9441
-60 -360 79.93355
-60 -340 79.92241
-60 -320 79.91063
-60 -300 79.89819
-60 -280 79.88506
-60 -260 79.87122
-60 -240 79.85662
-60 -220 79.84118
-60 -200 79.82477
-60 -180 79.80721
-60 -160 79.78825
-60 -140 79.76758
-60 -120 79.74481
-60 -100 79.71957
-60 -80 79.69158
-60 -60 79.66112
-60 -40 79.62977
-60 -20 79.601974
-60 0 79.58676
-60 20 79.59458
-60 40 79.61626
-60 60 79.64308
-60 80 79.670395
-60 100 79.696266
-60 120 79.72015
-60 140 79.74206
-60 160 79.76219
-60 180 79.78082
-60 200 79.79821
-60 220 79.81456
-60 240 79.83008
-60 260 79.8449
-60 280 79.85916
-60 300 79.87297
-60 320 79.8864
-60 340 79.89951
-60 360 79.912384
-60 380 79.925064
-60 400 79.9376
-60 420 79.950035
-60 440 79.96243
-60 460 79.97485
-60 480 79.98735
-60 500 80.0
-40 -500 80.0
-40 -480 79.99115
-40 -460 79.98241
-40 -440 79.973595
-40 -420 79.96457
-40 -400 79.95519
-40 -380 79.94536
-40 -360 79.93497
-40 -340 79.92394
-40 -320 79.91225
-40 -300 79.899826
-40 -280 79.88665
-40 -260 79.8727
-40 -240 79.85791
-40 -220 79.84218
-40 -200 79.825356
-40 -180 79.80722
-40 -160 79.78743
-40 -140 79.7655
-40 -120 79.740814
-40 -100 79.71252
-40 -80 79.67958
-40 -60 79.64098
-40 -40 79.5967
-40 -20 79.550804
-40 0 79.51975
-40 20 79.54141
-40 40 79.58025
-40 60 79.619736
-40 80 79.65516
-40 100 79.68603
-40 120 79.71299
-40 140 79.73682
-40 160 79.758194
-40 180 79.77766
-40 200 79.79562
-40 220 79.81241
-40 240 79.828255
-40 260 79.84336
-40 280 79.85786
-40 300 79.87187
-40 320 79.88549
-40 340 79.89877
-40 360 79.9118
-40 380 79.92461
-40 400 79.937256
-40 420 79.94979
-40 440 79.96227
-40 460 79.97476
-40 480 79.98731
-40 500 80.0
-20 -500 80.0
-20 -480 79.991356
-20 -460 79.982834
-20 -440 79.97425
-20 -420 79.965454
-20 -400 79.9563
-20 -380 79.94667
-20 -360 79.93647
-20 -340 79.92561
-20 -320 79.91404
-20 -300 79.90171
-20 -280 79.88859
-20 -260 79.87464
-20 -240 79.85981
-20 -220 79.84399
-20 -200 79.82702
-20 -180 79.808624
-20 -160 79.78843
-20 -140 79.76584
-20 -120 79.74
-20 -100 79.709595
-20 -80 79.67264
-20 -60 79.626
-20 -40 79.56506
-20 -20 79.48564
-20 0 79.402855
-20 20 79.47356
-20 40 79.54538
-20 60 79.6016
-20 80 79.64521
-20 100 79.68018
-20 120 79.70926
-20 140 79.73423
-20 160 79.75623
-20 180 79.77606
-20 200 79.79425
-20 220 79.811195
-20 240 79.82717
-20 260 79.84239
-20 280 79.857
-20 300 79.87113
-20 320 79.88486
-20 340 79.898254
-20 360 79.91138
-20 380 79.92428
-20 400 79.93701
-20 420 79.94962
-20 440 79.96217
-20 460 79.97471
-20 480 79.9873
-20 500 80.0
0 -500 80.0
0 -480 79.99156
0 -460 79.98325
0 -440 79.9749
0 -420 79.96633
0 -400 79.957405
0 -380 79.948006
0 -360 79.93801
0 -340 79.92735
0 -320 79.915955
0 -300 79.903786
0 -280 79.89081
0 -260 79.87699
0 -240 79.862274
0 -220 79.84657
0 -200 79.82973
0 -180 79.81147
0 -160 79.79141
0 -140 79.768936
0 -120 79.74311
0 -100 79.71245
0 -80 79.674416
0 -60 79.624176
0 -40 79.55088
0 -20 79.42441
0 0 79.14125
0 20 79.409424
0 40 79.52873
0 60 79.59761
0 80 79.64489
0 100 79.680885
0 120 79.71013
0 140 79.73495
0 160 79.75672
0 180 79.77631
0 200 79.7943
0 220 79.81107
0 240 79.826935
0 260 79.84208
0 280 79.85666
0 300 79.87079
0 320 79.88454
0 340 79.89797
0 360 79.91114
0 380 79.924095
0 400 79.93688
0 420 79.94953
0 440 79.96212
0 460 79.97468
0 480 79.98729
0 500 80.0
20 -500 80.0
20 -480 79.99175
20 -460 79.98366
20 -440 79.97552
20 -420 79.96718
20 -400 79.95849
20 -380 79.94932
20 -360 79.93955
20 -340 79.929115
20 -320 79.91794
20 -300 79.90598
20 -280 79.89323
20 -260 79.87965
20 -240 79.865204
20 -220 79.849815
20 -200 79.83336
20 -180 79.81562
20 -160 79.79624
20 -140 79.7747
20 -120 79.75018
20 -100 79.7215
20 -80 79.68675
20 -60 79.64299
20 -40 79.58582
20 -20 79.51121
20 0 79.433014
20 20 79.49816
20 40 79.5645
20 60 79.6164
20 80 79.656654
20 100 79.688965
20 120 79.71591
20 140 79.73915
20 160 79.759766
20 180 79.77849
20 200 79.795815
20 220 79.812096
20 240 79.82759
20 260 79.84247
20 280 79.856865
20 300 79.87087
20 320 79.884544
20 340 79.89794
20 360 79.9111
20 380 79.924065
20 400 79.93685
20 420 79.949524
20 440 79.96212
20 460 79.974686
20 480 79.9873
20 500 80.0
40 -500 80.0
40 -480 79.991936
40 -460 79.98404
40 -440 79.97611
40 -420 79.96799
40 -400 79.95952
40 -380 79.95058
40 -360 79.94105
40 -340 79.930855
40 -320 79.91992
40 -300 79.90823
40 -280 79.89576
40 -260 79.8825
40 -240 79.86844
40 -220 79.85354
40 -200 79.8377
40 -180 79.82078
40 -160 79.802505
40 -140 79.78251
40 -120 79.76025
40 -100 79.73498
40 -80 79.70578
40 -60 79.6717
40 -40 79.632576
40 -20 79.591774
40 0 79.56345
40 20 79.580864
40 40 79.613335
40 60 79.64655
40 80 79.67647
40 100 79.702675
40 120 79.72574
40 140 79.74634
40 160 79.765076
40 180 79.78241
40 200 79.7987
40 220 79.8142
40 240 79.8291
40 260 79.84354
40 280 79.85761
40 300 79.87138
40 320 79.884895
40 340 79.89818
40 360 79.91127
40 380 79.92418
40 400 79.93694
40 420 79.94959
40 440 79.96217
40 460 79.974724
40 480 79.98732
40 500 80.0
60 -500 80.0
60 -480 79.9921
60 -460 79.98439
60 -440 79.97666
60 -420 79.96874
60 -400 79.960495
60 -380 79.951775
60 -360 79.94248
60 -340 79.93253
60 -320 79.92187
60 -300 79.91046
60 -280 79.898315
60 -260 79.885445
60 -240 79.87185
60 -220 79.85754
60 -200 79.84247
60 -180 79.82655
60 -160 79.80965
60 -140 79.79152
60 -120 79.7719
60 -100 79.75045
60 -80 79.726944
60 -60 79.70149
60 -40 79.67524
60 -20 79.65161
60 0 79.637794
60 20 79.64242
60 40 79.658264
60 60 79.67845
60 80 79.699295
60 100 79.71931
60 120 79.73806
60 140 79.755585
60 160 79.77207
60 180 79.78772
60 200 79.80272
60 220 79.81723
60 240 79.83137
60 260 79.84522
60 280 79.85886
60 300 79.87229
60 320 79.88556
60 340 79.898674
60 360 79.91163
60 380 79.924446
60 400 79.93714
60 420 79.949745
60 440 79.96228
60 460 79.9748
60 480 79.98735
60 500 80.0
80 -500 80.0
80 -480 79.99226
80 -460 79.98472
80 -440 79.97717
80 -420 79.96945
80 -400 79.9614
80 -380 79.952896
80 -360 79.94383
80 -340 79.93412
80 -320 79.92373
80 -300 79.91262
80 -280 79.900826
80 -260 79.888374
80 -240 79.8753
80 -220 79.86163
80 -200 79.8474
80 -180 79.83257
80 -160 79.8171
80 -140 79.8009
80 -120 79.783875
80 -100 79.76597
80 -80 79.7473
80 -60 79.728325
80 -40 79.71022
80 -20 79.69525
80 0 79.68675
80 20 79.6874
80 40 79.69533
80 60 79.70753
80 80 79.72172
80 100 79.73656
80 120 79.75137
80 140 79.76591
80 160 79.78009
80 180 79.793945
80 200 79.807556
80 220 79.82097
80 240 79.83424
80 260 79.84743
80 280 79.86053
80 300 79.873566
80 320 79.88652
80 340 79.8994
80 360 79.91218
80 380 79.924866
80 400 79.937454
80 420 79.949974
80 440 79.96244
80 460 79.97491
80 480 79.987404
80 500 80.0
100 -500 80.0
100 -480 79.99241
100 -460 79.98503
100 -440 79.977646
100 -420 79.97011
100 -400 79.96225
100 -380 79.95394
100 -360 79.94509
100 -340 79.93562
100 -320 79.92549
100 -300 79.91469
100 -280 79.903244
100 -260 79.89122
100 -240 79.87868
100 -220 79.86568
100 -200 79.85229
100 -180 79.83855
100 -160 79.82446
100 -140 79.81005
100 -120 79.79534
100 -100 79.78041
100 -80 79.76549
100 -60 79.75107
100 -40 79.73802
100 -20 79.72769
100 0 79.72164
100 20 79.7209
100 40 79.72493
100 60 79.732414
100 80 79.742096
100 100 79.75302
100 120 79.764595
100 140 79.77649
100 160 79.78854
100 180 79.80069
100 200 79.812904
100 220 79.825195
100 240 79.83758
100 260 79.85003
100 280 79.862564
100 300 79.87514
100 320 79.88774
100 340 79.90034
100 360 79.9129
100 380 79.92542
100 400 79.93788
100 420 79.95029
100 440 79.96266
100 460 79.975044
100 480 79.98747
100 500 80.0
120 -500 80.0
120 -480 79.99255
120 -460 79.98532
120 -440 79.978096
120 -420 79.97072
120 -400 79.963036
120 -380 79.95492
120 -360 79.94627
120 -340 79.93703
120 -320 79.92715
120 -300 79.91664
120 -280 79.905556
120 -260 79.89395
120 -240 79.88193
120 -220 79.869576
120 -200 79.857
120 -180 79.84427
120 -160 79.83146
120 -140 79.818634
120 -120 79.80588
120 -100 79.79332
120 -80 79.781204
120 -60 79.76993
120 -40 79.76008
120 -20 79.752426
120 0 79.74774
120 20 79.7465
120 40 79.74852
120 60 79.75323
120 80 79.759926
120 100 79.76803
120 120 79.777084
120 140 79.7868
120 160 79.797005
120 180 79.807594
120 200 79.81852
120 220 79.829735
120 240 79.84122
120 260 79.85294
120 280 79.864876
120 300 79.87697
120 320 79.88918
120 340 79.90147
120 360 79.91379
120 380 79.9261
120 400 79.9384
120 420 79.950676
120 440 79.962944
120 460 79.97523
120 480 79.987564
120 500 80.0
140 -500 80.0
140 -480 79.99269
140 -460 79.985596
140 -440 79.978516
140 -420 79.97129
140 -400 79.96377
140 -380 79.95583
140 -360 79.94737
140 -340 79.93834
140 -320 79.92871
140 -300 79.91849
140 -280 79.90774
140 -260 79.896545
140 -240 79.885025
140 -220 79.87329
140 -200 79.861465
140 -180 79.84966
140 -160 79.837975
140 -140 79.82651
140 -120 79.81535
140 -100 79.80466
140 -80 79.79463
140 -60 79.785545
140 -40 79.77779
140 -20 79.771805
140 0 79.76799
140 20 79.766594
140 40 79.76754
140 60 79.77058
140 80 79.77533
140 100 79.781425
140 120 79.78858
140 140 79.79656
140 160 79.80522
140 180 79.81446
140 200 79.82422
140 220 79.83443
140 240 79.84506
140 260 79.85607
140 280 79.8674
140 300 79.879
140 320 79.89081
140 340 79.90276
140 360 79.91481
140 380 79.9269
140 400 79.939026
140 420 79.95115
140 440 79.96328
140 460 79.97544
140 480 79.98767
140 500 80.0
160 -500 80.0
160 -480 79.99282
160 -460 79.98586
160 -440 79.97893
160 -420 79.97184
160 -400 79.96447
160 -380 79.95669
160 -360 79.94842
160 -340 79.93958
160 -320 79.93018
160 -300 79.920235
160 -280 79.90981
160 -260 79.89901
160 -240 79.88796
160 -220 79.87681
160 -200 79.86568
160 -180 79.854706
160 -160 79.844
160 -140 79.83367
160 -120 79.82383
160 -100 79.8146
160 -80 79.80612
160 -60 79.79861
160 -40 79.79229
160 -20 79.787415
160 0 79.78422
160 20 79.78281
160 40 79.78317
160 60 79.78518
160 80 79.788635
160 100 79.79332
160 120 79.79905
160 140 79.80567
160 160 79.81307
160 180 79.82116
160 200 79.82989
160 220 79.83919
160 240 79.84903
160 260 79.85935
160 280 79.870094
160 300 79.881195
160 320 79.89259
160 340 79.9042
160 360 79.91596
160 380 79.92782
160 400 79.939735
160 420 79.95169
160 440 79.96367
160 460 79.9757
160 480 79.98779
160 500 80.0
180 -500 80.0
180 -480 79.99296
180 -460 79.98612
180 -440 79.97932
180 -420 79.97237
180 -400 79.96513
180 -380 79.957504
180 -360 79.9494
180 -340 79.940765
180 -320 79.93159
180 -300 79.9219
180 -280 79.91179
180 -260 79.90136
180 -240 79.890755
180 -220 79.880135
180 -200 79.869644
180 -180 79.85941
180 -160 79.84956
180 -140 79.84021
180 -120 79.83144
180 -100 79.82336
180 -80 79.81608
180 -60 79.809715
180 -40 79.80443
180 -20 79.80035
180 0 79.7976
180 20 79.79625
180 40 79.79629
180 60 79.79765
180 80 79.80024
180 100 79.80392
180 120 79.808586
180 140 79.81415
180 160 79.82051
180 180 79.82764
180 200 79.835464
180 220 79.843956
180 240 79.853065
180 260 79.86274
180 280 79.87292
180 300 79.88353
180 320 79.8945
180 340 79.905754
180 360 79.91722
180 380 79.928825
180 400 79.94052
180 420 79.95229
180 440 79.96411
180 460 79.97599
180 480 79.98794
180 500 80.0
200 -500 80.0
200 -480 79.99309
200 -460 79.98638
200 -440 79.97969
200 -420 79.97286
200 -400 79.96577
200 -380 79.95828
200 -360 79.95033
200 -340 79.94188
200 -320 79.932915
200 -300 79.923485
200 -280 79.913666
200 -260 79.903595
200 -240 79.893425
200 -220 79.8833
200 -200 79.87338
200 -180 79.86382
200 -160 79.85473
200 -140 79.8462
200 -120 79.838326
200 -100 79.83117
200 -80 79.82482
200 -60 79.81934
200 -40 79.81482
200 -20 79.81133
200 0 79.80894
200 20 79.80767
200 40 79.80753
200 60 79.80849
200 80 79.81047
200 100 79.81343
200 120 79.8173
200 140 79.82202
200 160 79.82755
200 180 79.83386
200 200 79.84091
200 220 79.84868
200 240 79.857124
200 260 79.86619
200 280 79.87583
200 300 79.88596
200 320 79.89652
200 340 79.90742
200 360 79.918564
200 380 79.92991
200 400 79.94138
200 420 79.95295
200 440 79.964584
200 460 79.9763
200 480 79.9881
200 500 80.0
220 -500 80.0
220 -480 79.99322
220 -460 79.986626
220 -440 79.98005
220 -420 79.97334
220 -400 79.96636
220 -380 79.95902
220 -360 79.951225
220 -340 79.94295
220 -320 79.93419
220 -300 79.924995
220 -280 79.915474
220 -260 79.90574
220 -240 79.895966
220 -220 79.886314
220 -200 79.87693
220 -180 79.867966
220 -160 79.859535
220 -140 79.85172
220 -120 79.8446
220 -100 79.8382
220 -80 79.8326
220 -60 79.82781
220 -40 79.82389
220 -20 79.82086
220 0 79.81876
220 20 79.81759
220 40 79.81735
220 60 79.81804
220 80 79.8196
220 100 79.82203
220 120 79.82529
220 140 79.82935
220 160 79.8342
220 180 79.83982
220 200 79.84621
220 220 79.853325
220 240 79.86116
220 260 79.86967
220 280 79.87879
220 300 79.888466
220 320 79.89861
220 340 79.90914
220 360 79.91998
220 380 79.931046
220 400 79.94228
220 420 79.953636
220 440 79.96509
220 460 79.97663
220 480 79.988266
220 500 80.0
240 -500 80.0
240 -480 79.99334
240 -460 79.98686
240 -440 79.98039
240 -420 79.97379
240 -400 79.966934
240 -380 79.95971
240 -360 79.952065
240 -340 79.943954
240 -320 79.935394
240 -300 79.92644
240 -280 79.91719
240 -260 79.90779
240 -240 79.89839
240 -220 79.889175
240 -200 79.88029
240 -180 79.87187
240 -160 79.86403
240 -140 79.856834
240 -120 79.85035
240 -100 79.84459
240 -80 79.83959
240 -60 79.835365
240 -40 79.83192
240 -20 79.82926
240 0 79.82739
240 20 79.826324
240 40 79.82604
240 60 79.82654
240 80 79.82781
240 100 79.82984
240 120 79.83263
240 140 79.83616
240 160 79.84045
240 180 79.84549
240 200 79.851295
240 220 79.85785
240 240 79.86513
240 260 79.873116
240 280 79.88176
240 300 79.89099
240 320 79.900734
240 340 79.910904
240 360 79.921425
240 380 79.93221
240 400 79.9432
240 420 79.954346
240 440 79.96561
240 460 79.97697
240 480 79.988434
240 500 80.0
260 -500 80.0
260 -480 79.993454
260 -460 79.987076
260 -440 79.980705
260 -420 79.974205
260 -400 79.96745
260 -380 79.96035
260 -360 79.95284
260 -340 79.94489
260 -320 79.93652
260 -300 79.927795
260 -280 79.918816
260 -260 79.90972
260 -240 79.900696
260 -220 79.891884
260 -200 79.88345
260 -180 79.875534
260 -160 79.86821
260 -140 79.861565
260 -120 79.85561
260 -100 79.850395
260 -80 79.8459
260 -60 79.842125
260 -40 79.839066
260 -20 79.8367
260 0 79.83504
260 20 79.83406
260 40 79.833755
260 60 79.83414
260 80 79.83519
260 100 79.836914
260 120 79.83933
260 140 79.842445
260 160 79.84627
260 180 79.85083
260 200 79.856125
260 220 79.862175
260 240 79.868965
260 260 79.87648
260 280 79.88467
260 300 79.89348
260 320 79.90283
260 340 79.91266
260 360 79.92286
260 380 79.933365
260 400 79.944115
260 420 79.95503
260 440 79.9661
260 460 79.97729
260 480 79.988594
260 500 80.0
280 -500 80.0
280 -480 79.99355
280 -460 79.98727
280 -440 79.98099
280 -420 79.97457
280 -400 79.96792
280 -380 79.96093
280 -360 79.953545
280 -340 79.94575
280 -320 79.93756
280 -300 79.92905
280 -280 79.92033
280 -260 79.91153
280 -240 79.90284
280 -220 79.89441
280 -200 79.8864
280 -180 79.87892
280 -160 79.87206
280 -140 79.86589
280 -120 79.86041
280 -100 79.85564
280 -80 79.85156
280 -60 79.84816
280 -40 79.845406
280 -20 79.84329
280 0 79.84179
280 20 79.84089
280 40 79.84059
280 60 79.84088
280 80 79.841774
280 100 79.84327
280 120 79.8454
280 140 79.84817
280 160 79.851616
280 180 79.85577
280 200 79.860634
280 220 79.86625
280 240 79.8726
280 260 79.87968
280 280 79.88745
280 300 79.89587
280 320 79.904854
280 340 79.91434
280 360 79.92424
280 380 79.93448
280 400 79.94498
280 420 79.95569
280 440 79.96657
280 460 79.977585
280 480 79.98873
280 500 80.0
300 -500 80.0
300 -480 79.99364
300 -460 79.98743
300 -440 79.981224
300 -420 79.974884
300 -400 79.968315
300 -380 79.961426
300 -360 79.95416
300 -340 79.94651
300 -320 79.93849
300 -300 79.930176
300 -280 79.92169
300 -260 79.91318
300 -240 79.9048
300 -220 79.89673
300 -200 79.88909
300 -180 79.88201
300 -160 79.87556
300 -140 79.86979
300 -120 79.86471
300 -100 79.86031
300 -80 79.856575
300 -60 79.85348
300 -40 79.850975
300 -20 79.84905
300 0 79.84769
300 20 79.84686
300 40 79.846565
300 60 79.846794
300 80 79.847565
300 100 79.848885
300 120 79.850784
300 140 79.85329
300 160 79.85642
300 180 79.86023
300 200 79.86474
300 220 79.86997
300 240 79.87594
300 260 79.88263
300 280 79.89003
300 300 79.89809
300 320 79.90674
300 340 79.91591
300 360 79.92552
300 380 79.9355
300 400 79.94577
300 420 79.956276
300 440 79.96698
300 460 79.977844
300 480 79.98885
300 500 80.0
320 -500 80.0
320 -480 79.9937
320 -460 79.98755
320 -440 79.98141
320 -420 79.975136
320 -400 79.96864
320 -380 79.96184
320 -360 79.95468
320 -340 79.94715
320 -320 79.939285
320 -300 79.93117
320 -280 79.9229
320 -260 79.91464
320 -240 79.906555
320 -220 79.89879
320 -200 79.89149
320 -180 79.88475
320 -160 79.878654
320 -140 79.87323
320 -120 79.86848
320 -100 79.86439
320 -80 79.86093
320 -60 79.85808
320 -40 79.85578
320 -20 79.85401
320 0 79.85275
320 20 79.85198
320 40 79.85169
320 60 79.85188
320 80 79.852554
320 100 79.853745
320 120 79.85546
320 140 79.85774
320 160 79.860634
320 180 79.86416
320 200 79.86837
320 220 79.87328
320 240 79.87892
320 260 79.885284
320 280 79.89235
320 300 79.900085
320 320 79.908424
320 340 79.91731
320 360 79.92666
320 380 79.9364
320 400 79.946465
320 420 79.95679
320 440 79.96732
320 460 79.97805
320 480 79.98895
320 500 80.0
340 -500 80.0
340 -480 79.993744
340 -460 79.98764
340 -440 79.98154
340 -420 79.97532
340 -400 79.96889
340 -380 79.96216
340 -360 79.955086
340 -340 79.94767
340 -320 79.93995
340 -300 79.93199
340 -280 79.92393
340 -260 79.91589
340 -240 79.90806
340 -220 79.900566
340 -200 79.893555
340 -180 79.88712
340 -160 79.88132
340 -140 79.87618
340 -120 79.871704
340 -100 79.86787
340 -80 79.86463
340 -60 79.86196
340 -40 79.859825
340 -20 79.85818
340 0 79.857
340 20 79.85627
340 40 79.85599
340 60 79.85614
340 80 79.85675
340 100 79.857834
340 120 79.85941
340 140 79.86153
340 160 79.86421
340 180 79.86752
340 200 79.87148
340 220 79.87614
340 240 79.8815
340 260 79.88758
340 280 79.89436
340 300 79.90182
340 320 79.90989
340 340 79.918526
340 360 79.92764
340 380 79.937164
340 400 79.94704
340 420 79.95719
340 440 79.9676
340 460 79.97821
340 480 79.98901
340 500 80.0
360 -500 80.0
360 -480 79.993774
360 -460 79.98769
360 -440 79.98162
360 -420 79.97544
360 -400 79.96905
360 -380 79.96238
360 -360 79.95538
360 -340 79.94807
360 -320 79.94046
360 -300 79.932655
360 -280 79.92476
360 -260 79.91693
360 -240 79.90932
360 -220 79.90206
360 -200 79.895294
360 -180 79.88911
360 -160 79.883545
360 -140 79.87864
360 -120 79.874374
360 -100 79.870735
360 -80 79.867676
360 -60 79.86515
360 -40 79.86314
360 -20 79.86158
360 0 79.860466
360 20 79.85977
360 40 79.85949
360 60 79.85962
360 80 79.860176
360 100 79.86118
360 120 79.862656
360 140 79.86464
360 160 79.86717
360 180 79.8703
360 200 79.87407
360 220 79.87851
360 240 79.88365
360 260 79.889496
360 280 79.89605
360 300 79.90327
360 320 79.91112
360 340 79.91953
360 360 79.928444
360 380 79.93779
360 400 79.947495
360 420 79.957504
360 440 79.96779
360 460 79.97831
360 480 79.98905
360 500 80.0
380 -500 80.0
380 -480 79.99378
380 -460 79.98771
380 -440 79.98166
380 -420 79.9755
380 -400 79.96915
380 -380 79.96252
380 -360 79.95559
380 -340 79.94835
380 -320 79.94085
380 -300 79.93317
380 -280 79.925415
380 -260 79.917755
380 -240 79.910324
380 -220 79.90327
380 -200 79.8967
380 -180 79.89071
380 -160 79.885345
380 -140 79.88062
380 -120 79.87653
380 -100 79.87304
380 -80 79.87011
380 -60 79.8677
380 -40 79.86577
380 -20 79.86428
380 0 79.86321
380 20 79.86255
380 40 79.86227
380 60 79.86238
380 80 79.8629
380 100 79.86384
380 120 79.865234
380 140 79.86712
380 160 79.86954
380 180 79.872536
380 200 79.87615
380 220 79.880424
380 240 79.88538
380 260 79.89105
380 280 79.89741
380 300 79.90444
380 320 79.9121
380 340 79.920334
380 360 79.92908
380 380 79.93827
380 400 79.94784
380 420 79.95773
380 440 79.96792
380 460 79.97837
380 480 79.98906
380 500 80.0
400 -500 80.0
400 -480 79.993774
400 -460 79.98771
400 -440 79.98166
400 -420 79.97552
400 -400 79.96918
400 -380 79.962585
400 -360 79.9557
400 -340 79.94853
400 -320 79.94112
400 -300 79.93353
400 -280 79.92591
400 -260 79.91838
400 -240 79.9111
400 -220 79.904205
400 -200 79.8978
400 -180 79.89197
400 -160 79.88676
400 -140 79.88217
400 -120 79.87821
400 -100 79.87483
400 -80 79.872
400 -60 79.86967
400 -40 79.867805
400 -20 79.86636
400 0 79.86533
400 20 79.86468
400 40 79.8644
400 60 79.8645
400 80 79.86499
400 100 79.86589
400 120 79.867226
400 140 79.86904
400 160 79.87137
400 180 79.87427
400 200 79.87777
400 220 79.88192
400 240 79.88674
400 260 79.892265
400 280 79.898476
400 300 79.90536
400 320 79.912865
400 340 79.92096
400 360 79.929565
400 380 79.93863
400 400 79.94808
400 420 79.957886
400 440 79.968
400 460 79.97839
400 480 79.98906
400 500 80.0
420 -500 80.0
420 -480 79.99377
420 -460 79.987686
420 -440 79.98164
420 -420 79.9755
420 -400 79.96918
420 -380 79.96261
420 -360 79.955765
420 -340 79.94864
420 -320 79.941284
420 -300 79.93379
420 -280 79.92626
420 -260 79.918846
420 -240 79.91168
420 -220 79.90491
420 -200 79.89863
420 -180 79.892914
420 -160 79.88782
420 -140 79.88334
420 -120 79.87947
420 -100 79.876175
420 -80 79.87341
420 -60 79.87114
420 -40 79.869316
420 -20 79.86791
420 0 79.8669
420 20 79.86626
420 40 79.86598
420 60 79.86607
420 80 79.86654
420 100 79.86741
420 120 79.868706
420 140 79.87047
420 160 79.87274
420 180 79.875565
420 200 79.87898
420 220 79.88304
420 240 79.88777
420 260 79.89318
420 280 79.89928
420 300 79.906044
420 320 79.91344
420 340 79.92142
420 360 79.929924
420 380 79.93889
420 400 79.94826
420 420 79.95799
420 440 79.96804
420 460 79.9784
420 480 79.98905
420 500 80.0
440 -500 80.0
440 -480 79.99375
440 -460 79.98766
440 -440 79.98161
440 -420 79.97547
440 -400 79.969154
440 -380 79.9626
440 -360 79.95578
440 -340 79.94869
440 -320 79.94139
440 -300 79.93395
440 -280 79.9265
440 -260 79.91917
440 -240 79.912094
440 -220 79.90541
440 -200 79.899216
440 -180 79.89359
440 -160 79.88858
440 -140 79.88417
440 -120 79.88037
440 -100 79.87713
440 -80 79.87441
440 -60 79.87218
440 -40 79.87039
440 -20 79.86901
440 0 79.86801
440 20 79.86738
440 40 79.867096
440 60 79.86718
440 80 79.86764
440 100 79.868484
440 120 79.86975
440 140 79.87148
440 160 79.87371
440 180 79.87648
440 200 79.879845
440 220 79.88384
440 240 79.888504
440 260 79.89384
440 280 79.89986
440 300 79.90654
440 320 79.91385
440 340 79.921745
440 360 79.930176
440 380 79.939064
440 400 79.94838
440 420 79.95805
440 440 79.96806
440 460 79.97839
440 480 79.98904
440 500 80.0
460 -500 80.0
460 -480 79.99374
460 -460 79.98764
460 -440 79.98158
460 -420 79.97543
460 -400 79.969124
460 -380 79.96258
460 -360 79.95577
460 -340 79.94871
460 -320 79.941444
460 -300 79.93405
460 -280 79.92665
460 -260 79.91937
460 -240 79.91235
460 -220 79.90573
460 -200 79.899605
460 -180 79.894035
460 -160 79.88908
460 -140 79.88471
460 -120 79.88095
460 -100 79.87775
460 -80 79.87506
460 -60 79.87285
460 -40 79.87108
460 -20 79.869705
460 0 79.86872
460 20 79.86809
460 40 79.86781
460 60 79.86789
460 80 79.86834
460 100 79.86918
460 120 79.87043
460 140 79.87213
460 160 79.87434
460 180 79.87708
460 200 79.88041
460 220 79.88436
460 240 79.88898
460 260 79.894264
460 280 79.90023
460 300 79.90686
460 320 79.914116
460 340 79.92197
460 360 79.930336
460 380 79.939186
460 400 79.94845
460 420 79.95809
460 440 79.96808
460 460 79.978386
460 480 79.98902
460 500 80.0
480 -500 80.0
480 -480 79.99373
480 -460 79.98763
480 -440 79.98156
480 -420 79.97541
480 -400 79.9691
480 -380 79.962555
480 -360 79.95576
480 -340 79.948715
480 -320 79.94146
480 -300 79.93409
480 -280 79.92672
480 -260 79.91947
480 -240 79.91249
480 -220 79.9059
480 -200 79.899796
480 -180 79.894264
480 -160 79.88932
480 -140 79.88499
480 -120 79.88124
480 -100 79.87805
480 -80 79.87538
480 -60 79.873184
480 -40 79.87142
480 -20 79.870056
480 0 79.86907
480 20 79.86844
480 40 79.868164
480 60 79.86825
480 80 79.86869
480 100 79.869514
480 120 79.87076
480 140 79.87246
480 160 79.87465
480 180 79.87738
480 200 79.88069
480 220 79.88463
480 240 79.88921
480 260 79.894485
480 280 79.90042
480 300 79.90702
480 320 79.91425
480 340 79.92207
480 360 79.93042
480 380 79.93924
480 400 79.94849
480 420 79.958115
480 440 79.96809
480 460 79.978386
480 480 79.98902
480 500 80.0
