-480 -500 80.0
-480 -480 79.990685
-480 -460 79.981544
-480 -440 79.97261
-480 -420 79.96397
-480 -400 79.95564
-480 -380 79.94771
-480 -360 79.9402
-480 -340 79.93316
-480 -320 79.92658
-480 -300 79.920494
-480 -280 79.91487
-480 -260 79.909706
-480 -240 79.90497
-480 -220 79.90063
-480 -200 79.89667
-480 -180 79.89305
-480 -160 79.88976
-480 -140 79.8868
-480 -120 79.884155
-480 -100 79.88182
-480 -80 79.87983
-480 -60 79.878204
-480 -40 79.87695
-480 -20 79.87613
-480 0 79.87575
-480 20 79.87585
-480 40 79.876434
-480 60 79.877525
-480 80 79.87911
-480 100 79.881195
-480 120 79.88375
-480 140 79.88675
-480 160 79.89018
-480 180 79.89401
-480 200 79.89823
-480 220 79.90282
-480 240 79.90776
-480 260 79.913055
-480 280 79.9187
-480 300 79.92469
-480 320 79.93102
-480 340 79.93768
-480 360 79.94467
-480 380 79.95196
-480 400 79.95951
-480 420 79.96731
-480 440 79.975296
-480 460 79.983444
-480 480 79.99169
-480 500 80.0
-460 -500 80.0
-460 -480 79.990715
-460 -460 79.981575
-460 -440 79.97265
-460 -420 79.96398
-460 -400 79.95565
-460 -380 79.94769
-460 -360 79.94016
-460 -340 79.93308
-460 -320 79.926476
-460 -300 79.92035
-460 -280 79.914696
-460 -260 79.90949
-460 -240 79.90472
-460 -220 79.900345
-460 -200 79.89635
-460 -180 79.89269
-460 -160 79.88937
-460 -140 79.886375
-460 -120 79.8837
-460 -100 79.88134
-460 -80 79.87932
-460 -60 79.87766
-460 -40 79.876396
-460 -20 79.87555
-460 0 79.87516
-460 20 79.87525
-460 40 79.87584
-460 60 79.87694
-460 80 79.87855
-460 100 79.880646
-460 120 79.883224
-460 140 79.88625
-460 160 79.88971
-460 180 79.89358
-460 200 79.89783
-460 220 79.90245
-460 240 79.907425
-460 260 79.91276
-460 280 79.91844
-460 300 79.92447
-460 320 79.93083
-460 340 79.93753
-460 360 79.94454
-460 380 79.95186
-460 400 79.95944
-460 420 79.967255
-460 440 79.97527
-460 460 79.98343
-460 480 79.99169
-460 500 80.0
-440 -500 80.0
-440 -480 79.99075
-440 -460 79.981636
-440 -440 79.9727
-440 -420 79.96402
-440 -400 79.95565
-440 -380 79.94765
-440 -360 79.94006
-440 -340 79.93292
-440 -320 79.92625
-440 -300 79.92005
-440 -280 79.91432
-440 -260 79.90904
-440 -240 79.90419
-440 -220 79.899734
-440 -200 79.89566
-440 -180 79.89193
-440 -160 79.888535
-440 -140 79.88547
-440 -120 79.88271
-440 -100 79.88029
-440 -80 79.878204
-440 -60 79.876495
-440 -40 79.875175
-440 -20 79.8743
-440 0 79.873886
-440 20 79.87397
-440 40 79.87456
-440 60 79.87568
-440 80 79.87731
-440 100 79.879456
-440 120 79.88209
-440 140 79.88518
-440 160 79.8887
-440 180 79.89264
-440 200 79.896965
-440 220 79.901665
-440 240 79.906715
-440 260 79.912125
-440 280 79.917885
-440 300 79.92398
-440 320 79.93041
-440 340 79.93718
-440 360 79.94426
-440 380 79.95163
-440 400 79.959274
-440 420 79.96714
-440 440 79.9752
-440 460 79.9834
-440 480 79.991684
-440 500 80.0
-420 -500 80.0
-420 -480 79.99081
-420 -460 79.981705
-420 -440 79.97276
-420 -420 79.96405
-420 -400 79.95563
-420 -380 79.947556
-420 -360 79.93988
-420 -340 79.93265
-420 -320 79.925865
-420 -300 79.91955
-420 -280 79.9137
-420 -260 79.908295
-420 -240 79.90331
-420 -220 79.898735
-420 -200 79.89452
-420 -180 79.89067
-420 -160 79.88715
-420 -140 79.88396
-420 -120 79.88108
-420 -100 79.87855
-420 -80 79.87636
-420 -60 79.87456
-420 -40 79.87316
-420 -20 79.87222
-420 0 79.87177
-420 20 79.87183
-420 40 79.87244
-420 60 79.87358
-420 80 79.87527
-420 100 79.87749
-420 120 79.8802
-420 140 79.8834
-420 160 79.88704
-420 180 79.8911
-420 200 79.895546
-420 220 79.90037
-420 240 79.90555
-420 260 79.91108
-420 280 79.91696
-420 300 79.92317
-420 320 79.929726
-420 340 79.9366
-420 360 79.94378
-420 380 79.95125
-420 400 79.95898
-420 420 79.966934
-420 440 79.97506
-420 460 79.98332
-420 480 79.99165
-420 500 80.0
-400 -500 80.0
-400 -480 79.99085
-400 -460 79.981766
-400 -440 79.97281
-400 -420 79.96405
-400 -400 79.95556
-400 -380 79.94739
-400 -360 79.9396
-400 -340 79.93222
-400 -320 79.925285
-400 -300 79.91881
-400 -280 79.91277
-400 -260 79.90719
-400 -240 79.902016
-400 -220 79.89725
-400 -200 79.892845
-400 -180 79.8888
-400 -160 79.88509
-400 -140 79.88171
-400 -120 79.878654
-400 -100 79.875946
-400 -80 79.873604
-400 -60 79.87166
-400 -40 79.870155
-400 -20 79.869125
-400 0 79.868614
-400 20 79.86866
-400 40 79.86927
-400 60 79.87047
-400 80 79.87224
-400 100 79.87456
-400 120 79.87742
-400 140 79.88077
-400 160 79.884575
-400 180 79.88882
-400 200 79.89345
-400 220 79.89846
-400 240 79.90383
-400 260 79.909546
-400 280 79.9156
-400 300 79.92199
-400 320 79.9287
-400 340 79.93573
-400 360 79.94306
-400 380 79.95067
-400 400 79.95853
-400 420 79.9666
-400 440 79.97483
-400 460 79.983185
-400 480 79.99159
-400 500 80.0
-380 -500 80.0
-380 -480 79.9909
-380 -460 79.98181
-380 -440 79.972824
-380 -420 79.964005
-380 -400 79.955414
-380 -380 79.94712
-380 -360 79.93917
-380 -340 79.93161
-380 -320 79.92447
-380 -300 79.91776
-380 -280 79.9115
-380 -260 79.905655
-380 -240 79.90023
-380 -220 79.895195
-380 -200 79.890526
-380 -180 79.88621
-380 -160 79.882225
-380 -140 79.87858
-380 -120 79.875275
-380 -100 79.87232
-380 -80 79.86976
-380 -60 79.867615
-380 -40 79.865944
-380 -20 79.86479
-380 0 79.864204
-380 20 79.86421
-380 40 79.86485
-380 60 79.86612
-380 80 79.86801
-380 100 79.8705
-380 120 79.87356
-380 140 79.87713
-380 160 79.88118
-380 180 79.88567
-380 200 79.89057
-380 220 79.89584
-380 240 79.901474
-380 260 79.90744
-380 280 79.91374
-380 300 79.920364
-380 320 79.9273
-380 340 79.93453
-380 360 79.94206
-380 380 79.94985
-380 400 79.95788
-380 420 79.96611
-380 440 79.97449
-380 460 79.98297
-380 480 79.99149
-380 500 80.0
-360 -500 80.0
-360 -480 79.99092
-360 -460 79.98183
-360 -440 79.97279
-360 -420 79.96389
-360 -400 79.955185
-360 -380 79.94673
-360 -360 79.93858
-360 -340 79.9308
-360 -320 79.92339
-360 -300 79.916405
-360 -280 79.90983
-360 -260 79.90366
-360 -240 79.89789
-360 -220 79.8925
-360 -200 79.88748
-360 -180 79.8828
-360 -160 79.878456
-360 -140 79.87446
-360 -120 79.870804
-360 -100 79.86752
-360 -80 79.864655
-360 -60 79.86224
-360 -40 79.86035
-360 -20 79.85904
-360 0 79.858345
-360 20 79.85833
-360 40 79.85901
-360 60 79.86038
-360 80 79.86245
-360 100 79.865166
-360 120 79.86849
-360 140 79.872375
-360 160 79.87676
-360 180 79.8816
-360 200 79.88685
-360 220 79.89246
-360 240 79.89843
-360 260 79.90473
-360 280 79.91135
-360 300 79.91827
-360 320 79.92548
-360 340 79.93298
-360 360 79.94076
-360 380 79.948784
-360 400 79.95702
-360 420 79.96545
-360 440 79.974014
-360 460 79.982666
-360 480 79.99135
-360 500 80.0
-340 -500 80.0
-340 -480 79.99091
-340 -460 79.9818
-340 -440 79.9727
-340 -420 79.9637
-340 -400 79.95485
-340 -380 79.94621
-340 -360 79.937836
-340 -340 79.92978
-340 -320 79.922066
-340 -300 79.91473
-340 -280 79.90777
-340 -260 79.9012
-340 -240 79.895004
-340 -220 79.889175
-340 -200 79.8837
-340 -180 79.878555
-340 -160 79.87376
-340 -140 79.86929
-340 -120 79.8652
-340 -100 79.86149
-340 -80 79.85823
-340 -60 79.855484
-340 -40 79.85331
-340 -20 79.85178
-340 0 79.85097
-340 20 79.85092
-340 40 79.85166
-340 60 79.85319
-340 80 79.85549
-340 100 79.85851
-340 120 79.862206
-340 140 79.86649
-340 160 79.87131
-340 180 79.87659
-340 200 79.88227
-340 220 79.88833
-340 240 79.89472
-340 260 79.90143
-340 280 79.908424
-340 300 79.91571
-340 320 79.92327
-340 340 79.93109
-340 360 79.93916
-340 380 79.94746
-340 400 79.955956
-340 420 79.964615
-340 440 79.973404
-340 460 79.98227
-340 480 79.99116
-340 500 80.0
-320 -500 80.0
-320 -480 79.99089
-320 -460 79.98172
-320 -440 79.97256
-320 -420 79.96344
-320 -400 79.95443
-320 -380 79.94559
-320 -360 79.93696
-320 -340 79.92859
-320 -320 79.92052
-320 -300 79.91277
-320 -280 79.90537
-320 -260 79.89832
-320 -240 79.891624
-320 -220 79.88527
-320 -200 79.87925
-320 -180 79.87355
-320 -160 79.86819
-320 -140 79.86316
-320 -120 79.85851
-320 -100 79.85429
-320 -80 79.85055
-320 -60 79.847374
-320 -40 79.84485
-320 -20 79.84307
-320 0 79.84212
-320 20 79.84204
-320 40 79.84287
-320 60 79.844604
-320 80 79.84721
-320 100 79.85063
-320 120 79.85478
-320 140 79.85957
-320 160 79.864914
-320 180 79.87073
-320 200 79.87695
-320 220 79.88354
-320 240 79.89043
-320 260 79.89761
-320 280 79.90506
-320 300 79.912766
-320 320 79.920715
-320 340 79.9289
-320 360 79.93731
-320 380 79.945915
-320 400 79.9547
-320 420 79.96363
-320 440 79.97267
-320 460 79.98179
-320 480 79.99091
-320 500 80.0
-300 -500 80.0
-300 -480 79.99084
-300 -460 79.98161
-300 -440 79.97237
-300 -420 79.96313
-300 -400 79.953964
-300 -380 79.9449
-300 -360 79.936
-300 -340 79.92729
-300 -320 79.91883
-300 -300 79.910645
-300 -280 79.902756
-300 -260 79.89517
-300 -240 79.8879
-300 -220 79.880936
-300 -200 79.87428
-300 -180 79.867935
-300 -160 79.86191
-300 -140 79.85623
-300 -120 79.85093
-300 -100 79.846085
-300 -80 79.84177
-300 -60 79.83809
-300 -40 79.83516
-300 -20 79.83309
-300 0 79.83197
-300 20 79.83188
-300 40 79.83284
-300 60 79.83484
-300 80 79.83783
-300 100 79.84173
-300 120 79.84643
-300 140 79.851814
-300 160 79.85778
-300 180 79.86423
-300 200 79.87107
-300 220 79.87824
-300 240 79.88571
-300 260 79.893425
-300 280 79.901375
-300 300 79.909546
-300 320 79.91792
-300 340 79.926506
-300 360 79.93527
-300 380 79.944214
-300 400 79.95331
-300 420 79.96253
-300 440 79.97185
-300 460 79.98123
-300 480 79.99063
-300 500 80.0
-280 -500 80.0
-280 -480 79.990776
-280 -460 79.98149
-280 -440 79.97215
-280 -420 79.96281
-280 -400 79.953476
-280 -380 79.94421
-280 -360 79.93502
-280 -340 79.92598
-280 -320 79.917114
-280 -300 79.90846
-280 -280 79.90005
-280 -260 79.89189
-280 -240 79.883995
-280 -220 79.87637
-280 -200 79.86902
-280 -180 79.861946
-280 -160 79.85518
-280 -140 79.84875
-280 -120 79.842705
-280 -100 79.83715
-280 -80 79.83218
-280 -60 79.82792
-280 -40 79.82452
-280 -20 79.822105
-280 0 79.820816
-280 20 79.82072
-280 40 79.82184
-280 60 79.824165
-280 80 79.827614
-280 100 79.83208
-280 120 79.83742
-280 140 79.84349
-280 160 79.85017
-280 180 79.857315
-280 200 79.86484
-280 220 79.87267
-280 240 79.88075
-280 260 79.889046
-280 280 79.89753
-280 300 79.90619
-280 320 79.915016
-280 340 79.924
-280 360 79.93314
-280 380 79.94243
-280 400 79.95184
-280 420 79.961365
-280 440 79.97097
-280 460 79.98064
-280 480 79.990326
-280 500 80.0
-260 -500 80.0
-260 -480 79.990715
-260 -460 79.98136
-260 -440 79.97196
-260 -420 79.96251
-260 -400 79.95304
-260 -380 79.943565
-260 -360 79.93412
-260 -340 79.92475
-260 -320 79.91548
-260 -300 79.906364
-260 -280 79.89741
-260 -260 79.88866
-260 -240 79.880104
-260 -220 79.87178
-260 -200 79.86368
-260 -180 79.85582
-260 -160 79.84824
-260 -140 79.84098
-260 -120 79.83412
-260 -100 79.82776
-260 -80 79.82204
-260 -60 79.817116
-260 -40 79.81318
-260 -20 79.8104
-260 0 79.808914
-260 20 79.80882
-260 40 79.81015
-260 60 79.81286
-260 80 79.81685
-260 100 79.82196
-260 120 79.828026
-260 140 79.83487
-260 160 79.842316
-260 180 79.85023
-260 200 79.85849
-260 220 79.86701
-260 240 79.87574
-260 260 79.88463
-260 280 79.893654
-260 300 79.90282
-260 320 79.912094
-260 340 79.92149
-260 360 79.93101
-260 380 79.940636
-260 400 79.95036
-260 420 79.960175
-260 440 79.97007
-260 460 79.98002
-260 480 79.990005
-260 500 80.0
-240 -500 80.0
-240 -480 79.990654
-240 -460 79.98126
-240 -440 79.9718
-240 -420 79.96228
-240 -400 79.95268
-240 -380 79.94304
-240 -360 79.93336
-240 -340 79.923676
-240 -320 79.914024
-240 -300 79.90444
-240 -280 79.894966
-240 -260 79.885605
-240 -240 79.876396
-240 -220 79.86734
-240 -200 79.85846
-240 -180 79.84977
-240 -160 79.841324
-240 -140 79.83316
-240 -120 79.82539
-240 -100 79.81814
-240 -80 79.811584
-240 -60 79.805916
-240 -40 79.80137
-240 -20 79.79816
-240 0 79.796455
-240 20 79.79638
-240 40 79.79796
-240 60 79.801125
-240 80 79.80573
-240 100 79.811584
-240 120 79.81847
-240 140 79.82615
-240 160 79.834435
-240 180 79.843155
-240 200 79.85219
-240 220 79.86143
-240 240 79.87081
-240 260 79.8803
-240 280 79.889885
-240 300 79.899536
-240 320 79.90926
-240 340 79.91907
-240 360 79.92894
-240 380 79.938896
-240 400 79.94892
-240 420 79.95902
-240 440 79.969185
-240 460 79.97941
-240 480 79.989685
-240 500 80.0
-220 -500 80.0
-220 -480 79.990616
-220 -460 79.98119
-220 -440 79.97171
-220 -420 79.962135
-220 -400 79.95245
-220 -380 79.942665
-220 -360 79.93278
-220 -340 79.92281
-220 -320 79.91281
-220 -300 79.902794
-220 -280 79.8928
-220 -260 79.88286
-220 -240 79.87298
-220 -220 79.86319
-220 -200 79.8535
-220 -180 79.84395
-220 -160 79.83457
-220 -140 79.82545
-220 -120 79.81668
-220 -100 79.80843
-220 -80 79.80093
-220 -60 79.794395
-220 -40 79.78914
-220 -20 79.78543
-220 0 79.783485
-220 20 79.78345
-220 40 79.785324
-220 60 79.78903
-220 80 79.79436
-220 100 79.801056
-220 120 79.808846
-220 140 79.817444
-220 160 79.82664
-220 180 79.83621
-220 200 79.84605
-220 220 79.85602
-220 240 79.86607
-220 260 79.87617
-220 280 79.886284
-220 300 79.89642
-220 320 79.90658
-220 340 79.91676
-220 360 79.92699
-220 380 79.93725
-220 400 79.94756
-220 420 79.957924
-220 440 79.968346
-220 460 79.97883
-220 480 79.98938
-220 500 80.0
-200 -500 80.0
-200 -480 79.9906
-200 -460 79.981186
-200 -440 79.9717
-200 -420 79.962105
-200 -400 79.95237
-200 -380 79.942474
-200 -360 79.93241
-200 -340 79.92221
-200 -320 79.91189
-200 -300 79.90147
-200 -280 79.89098
-200 -260 79.88046
-200 -240 79.869934
-200 -220 79.859406
-200 -200 79.8489
-200 -180 79.83844
-200 -160 79.82809
-200 -140 79.81791
-200 -120 79.808044
-200 -100 79.798676
-200 -80 79.79006
-200 -60 79.78253
-200 -40 79.77643
-200 -20 79.77211
-200 0 79.769875
-200 20 79.76988
-200 40 79.77215
-200 60 79.776505
-200 80 79.78269
-200 100 79.79037
-200 120 79.79917
-200 140 79.8088
-200 160 79.81896
-200 180 79.829445
-200 200 79.8401
-200 220 79.85083
-200 240 79.86155
-200 260 79.872246
-200 280 79.88289
-200 300 79.8935
-200 320 79.90407
-200 340 79.91463
-200 360 79.92517
-200 380 79.93573
-200 400 79.946304
-200 420 79.95692
-200 440 79.967575
-200 460 79.978294
-200 480 79.9891
-200 500 80.0
-180 -500 80.0
-180 -480 79.99061
-180 -460 79.98123
-180 -440 79.97178
-180 -420 79.9622
-180 -400 79.95244
-180 -380 79.942474
-180 -360 79.93228
-180 -340 79.921875
-180 -320 79.91127
-180 -300 79.90048
-180 -280 79.88954
-180 -260 79.87847
-180 -240 79.8673
-180 -220 79.85603
-180 -200 79.84469
-180 -180 79.8333
-180 -160 79.8219
-180 -140 79.81058
-180 -120 79.79948
-180 -100 79.78882
-180 -80 79.77891
-180 -60 79.77014
-180 -40 79.762985
-180 -20 79.75792
-180 0 79.75532
-180 20 79.7554
-180 40 79.758156
-180 60 79.763336
-180 80 79.77058
-180 100 79.77941
-180 120 79.789406
-180 140 79.80018
-180 160 79.8114
-180 180 79.82285
-180 200 79.83437
-180 220 79.84586
-180 240 79.85726
-180 260 79.868546
-180 280 79.879715
-180 300 79.89078
-180 320 79.90175
-180 340 79.91265
-180 360 79.92351
-180 380 79.93434
-180 400 79.94516
-180 420 79.956
-180 440 79.96687
-180 460 79.97781
-180 480 79.988846
-180 500 80.0
-160 -500 80.0
-160 -480 79.990654
-160 -460 79.98134
-160 -440 79.97195
-160 -420 79.96242
-160 -400 79.95267
-160 -380 79.942665
-160 -360 79.93239
-160 -340 79.921814
-160 -320 79.910965
-160 -300 79.89984
-160 -280 79.88848
-160 -260 79.87689
-160 -240 79.8651
-160 -220 79.853096
-160 -200 79.840904
-160 -180 79.82854
-160 -160 79.816025
-160 -140 79.803444
-160 -120 79.79095
-160 -100 79.77876
-160 -80 79.76727
-160 -60 79.75696
-160 -40 79.74845
-160 -20 79.742386
-160 0 79.7393
-160 20 79.73951
-160 40 79.742935
-160 60 79.749214
-160 80 79.75779
-160 100 79.76805
-160 120 79.77944
-160 140 79.79152
-160 160 79.80392
-160 180 79.816414
-160 200 79.828835
-160 220 79.84111
-160 240 79.85319
-160 260 79.86506
-160 280 79.87674
-160 300 79.888245
-160 320 79.899605
-160 340 79.91084
-160 360 79.92199
-160 380 79.93308
-160 400 79.94414
-160 420 79.955185
-160 440 79.966255
-160 460 79.977394
-160 480 79.988625
-160 500 80.0
-140 -500 80.0
-140 -480 79.99074
-140 -460 79.98151
-140 -440 79.97221
-140 -420 79.96275
-140 -400 79.95306
-140 -380 79.943054
-140 -360 79.932724
-140 -340 79.92203
-140 -320 79.91097
-140 -300 79.89956
-140 -280 79.88782
-140 -260 79.87574
-140 -240 79.86334
-140 -220 79.850624
-140 -200 79.83758
-140 -180 79.824196
-140 -160 79.810486
-140 -140 79.79652
-140 -120 79.78241
-140 -100 79.76842
-140 -80 79.75495
-140 -60 79.742645
-140 -40 79.73229
-140 -20 79.724846
-140 0 79.72111
-140 20 79.72152
-140 40 79.72593
-140 60 79.73372
-140 80 79.74406
-140 100 79.75612
-140 120 79.7692
-140 140 79.78278
-140 160 79.7965
-140 180 79.81011
-140 200 79.82349
-140 220 79.83656
-140 240 79.84933
-140 260 79.861786
-140 280 79.87396
-140 300 79.885895
-140 320 79.89763
-140 340 79.90919
-140 360 79.920616
-140 380 79.93195
-140 400 79.94322
-140 420 79.95446
-140 440 79.96572
-140 460 79.97703
-140 480 79.988434
-140 500 80.0
-120 -500 80.0
-120 -480 79.990845
-120 -460 79.981735
-120 -440 79.972565
-120 -420 79.96321
-120 -400 79.95359
-120 -380 79.943634
-120 -360 79.93327
-120 -340 79.9225
-120 -320 79.911285
-120 -300 79.899635
-120 -280 79.88754
-120 -260 79.87502
-120 -240 79.86207
-120 -220 79.84865
-120 -200 79.83475
-120 -180 79.82033
-120 -160 79.80536
-120 -140 79.78986
-120 -120 79.77391
-120 -100 79.757744
-120 -80 79.74179
-120 -60 79.7268
-120 -40 79.71387
-120 -20 79.70438
-120 0 79.69966
-120 20 79.70046
-120 40 79.706406
-120 60 79.71639
-120 80 79.72914
-120 100 79.743515
-120 120 79.75866
-120 140 79.773994
-120 160 79.78917
-120 180 79.803986
-120 200 79.81835
-120 220 79.832245
-120 240 79.84569
-120 260 79.85871
-120 280 79.871376
-120 300 79.88373
-120 320 79.89581
-120 340 79.907684
-120 360 79.91938
-120 380 79.93094
-120 400 79.94241
-120 420 79.953835
-120 440 79.965256
-120 460 79.976715
-120 480 79.98828
-120 500 80.0
-100 -500 80.0
-100 -480 79.990974
-100 -460 79.98202
-100 -440 79.97299
-100 -420 79.963776
-100 -400 79.95426
-100 -380 79.944374
-100 -360 79.934044
-100 -340 79.923225
-100 -320 79.9119
-100 -300 79.900055
-100 -280 79.88768
-100 -260 79.87477
-100 -240 79.8613
-100 -220 79.84724
-100 -200 79.83251
-100 -180 79.81706
-100 -160 79.8008
-100 -140 79.78365
-100 -120 79.76563
-100 -100 79.746864
-100 -80 79.727745
-100 -60 79.7091
-100 -40 79.69238
-100 -20 79.679695
-100 0 79.67342
-100 20 79.675
-100 40 79.6835
-100 60 79.69683
-100 80 79.71295
-100 100 79.73032
-100 120 79.74796
-100 140 79.765305
-100 160 79.78207
-100 180 79.79814
-100 200 79.81351
-100 220 79.82821
-100 240 79.84231
-100 260 79.85588
-100 280 79.869
-100 300 79.881744
-100 320 79.894165
-100 340 79.90632
-100 360 79.91827
-100 380 79.930046
-100 400 79.9417
-100 420 79.95329
-100 440 79.96486
-100 460 79.97646
-100 480 79.98815
-100 500 80.0
-80 -500 80.0
-80 -480 79.991135
-80 -460 79.982346
-80 -440 79.97349
-80 -420 79.96443
-80 -400 79.955055
-80 -380 79.945274
-80 -360 79.935005
-80 -340 79.924194
-80 -320 79.91281
-80 -300 79.90083
-80 -280 79.88824
-80 -260 79.875
-80 -240 79.86109
-80 -220 79.84646
-80 -200 79.830986
-80 -180 79.81457
-80 -160 79.797035
-80 -140 79.77821
-80 -120 79.75794
-80 -100 79.73617
-80 -80 79.7131
-80 -60 79.68947
-80 -40 79.66702
-80 -20 79.64898
-80 0 79.63989
-80 20 79.643234
-80 40 79.6563
-80 60 79.67487
-80 80 79.69572
-80 100 79.71692
-80 120 79.737495
-80 140 79.75705
-80 160 79.77546
-80 180 79.79278
-80 200 79.809105
-80 220 79.82456
-80 240 79.839264
-80 260 79.85334
-80 280 79.866875
-80 300 79.879974
-80 320 79.89269
-80 340 79.90511
-80 360 79.91729
-80 380 79.92926
-80 400 79.94109
-80 420 79.952835
-80 440 79.96454
-80 460 79.97626
-80 480 79.98805
-80 500 80.0
-60 -500 80.0
-60 -480 79.99131
-60 -460 79.982704
-60 -440 79.97404
-60 -420 79.96516
-60 -400 79.95594
-60 -380 79.9463
-60 -360 79.93613
-60 -340 79.92538
-60 -320 79.91399
-60 -300 79.90194
-60 -280 79.8892
-60 -260 79.87573
-60 -240 79.861496
-60 -220 79.8464
-60 -200 79.83032
-60 -180 79.81308
-60 -160 79.79441
-60 -140 79.77402
-60 -120 79.751495
-60 -100 79.72648
-60 -80 79.69871
-60 -60 79.66844
-60 -40 79.63726
-60 -20 79.60961
-60 0 79.59452
-60 20 79.60243
-60 40 79.624176
-60 60 79.65103
-60 80 79.67834
-60 100 79.70418
-60 120 79.72799
-60 140 79.74979
-60 160 79.769775
-60 180 79.788216
-60 200 79.805374
-60 220 79.821465
-60 240 79.83668
-60 260 79.851166
-60 280 79.86505
-60 300 79.87845
-60 320 79.891426
-60 340 79.904076
-60 360 79.91645
-60 380 79.928604
-60 400 79.94059
-60 420 79.95246
-60 440 79.96427
-60 460 79.9761
-60 480 79.987976
-60 500 80.0
-40 -500 80.0
-40 -480 79.99149
-40 -460 79.983086
-40 -440 79.97462
-40 -420 79.96593
-40 -400 79.9569
-40 -380 79.947426
-40 -360 79.93739
-40 -340 79.92674
-40 -320 79.915405
-40 -300 79.90336
-40 -280 79.890564
-40 -260 79.876976
-40 -240 79.86253
-40 -220 79.847145
-40 -200 79.83065
-40 -180 79.81281
-40 -160 79.793304
-40 -140 79.77165
-40 -120 79.74721
-40 -100 79.71914
-40 -80 79.6864
-40 -60 79.648
-40 -40 79.60388
-40 -20 79.558136
-40 0 79.527214
-40 20 79.548965
-40 40 79.587875
-40 60 79.62739
-40 80 79.66282
-40 100 79.693665
-40 120 79.720566
-40 140 79.7443
-40 160 79.76554
-40 180 79.784836
-40 200 79.80259
-40 220 79.81913
-40 240 79.83469
-40 260 79.849464
-40 280 79.8636
-40 300 79.87722
-40 320 79.8904
-40 340 79.90323
-40 360 79.915764
-40 380 79.92806
-40 400 79.94018
-40 420 79.952156
-40 440 79.96407
-40 460 79.975975
-40 480 79.98792
-40 500 80.0
-20 -500 80.0
-20 -480 79.991684
-20 -460 79.983475
-20 -440 79.97521
-20 -420 79.96673
-20 -400 79.95791
-20 -380 79.948616
-20 -360 79.93875
-20 -340 79.928246
-20 -320 79.91702
-20 -300 79.90505
-20 -280 79.89229
-20 -260 79.8787
-20 -240 79.864204
-20 -220 79.84872
-20 -200 79.832054
-20 -180 79.81396
-20 -160 79.79404
-20 -140 79.77171
-20 -120 79.7461
-20 -100 79.71593
-20 -80 79.67918
-20 -60 79.63272
-20 -40 79.571945
-20 -20 79.492676
-20 0 79.41001
-20 20 79.48081
-20 40 79.5527
-20 60 79.60896
-20 80 79.65259
-20 100 79.68754
-20 120 79.716576
-20 140 79.741455
-20 160 79.76335
-20 180 79.78302
-20 200 79.80102
-20 220 79.817726
-20 240 79.833435
-20 260 79.84834
-20 280 79.86261
-20 300 79.87635
-20 320 79.889656
-20 340 79.9026
-20 360 79.91525
-20 380 79.92766
-20 400 79.939865
-20 420 79.951935
-20 440 79.96392
-20 460 79.97588
-20 480 79.98789
-20 500 80.0
0 -500 80.0
0 -480 79.99187
0 -460 79.98386
0 -440 79.9758
0 -420 79.96754
0 -400 79.95892
0 -380 79.94983
0 -360 79.94016
0 -340 79.92984
0 -320 79.918785
0 -300 79.90695
0 -280 79.89432
0 -260 79.880844
0 -240 79.866455
0 -220 79.851074
0 -200 79.834526
0 -180 79.81656
0 -160 79.79677
0 -140 79.77454
0 -120 79.748955
0 -100 79.718506
0 -80 79.68067
0 -60 79.630615
0 -40 79.55748
0 -20 79.43115
0 0 79.14814
0 20 79.41639
0 40 79.53577
0 60 79.60469
0 80 79.651985
0 100 79.68798
0 120 79.71718
0 140 79.741936
0 160 79.76361
0 180 79.78306
0 200 79.800865
0 220 79.81742
0 240 79.83303
0 260 79.84788
0 280 79.86212
0 300 79.87588
0 320 79.88922
0 340 79.90222
0 360 79.91493
0 380 79.9274
0 400 79.93967
0 420 79.9518
0 440 79.96383
0 460 79.97584
0 480 79.98787
0 500 80.0
20 -500 80.0
20 -480 79.99205
20 -460 79.98423
20 -440 79.97638
20 -420 79.96832
20 -400 79.95992
20 -380 79.95104
20 -360 79.94159
20 -340 79.93147
20 -320 79.920616
20 -300 79.909
20 -280 79.89657
20 -260 79.883316
20 -240 79.86919
20 -220 79.85411
20 -200 79.83795
20 -180 79.82049
20 -160 79.80137
20 -140 79.78007
20 -120 79.75578
20 -100 79.7273
20 -80 79.69274
20 -60 79.649155
20 -40 79.59215
20 -20 79.51767
20 0 79.4396
20 20 79.50484
20 40 79.57124
20 60 79.6232
20 80 79.66348
20 100 79.6958
20 120 79.72272
20 140 79.745895
20 160 79.766426
20 180 79.78502
20 200 79.802185
20 220 79.81827
20 240 79.83351
20 260 79.848114
20 280 79.86219
20 300 79.87584
20 320 79.88912
20 340 79.9021
20 360 79.91481
20 380 79.927284
20 400 79.93958
20 420 79.95174
20 440 79.96379
20 460 79.975815
20 480 79.98786
20 500 80.0
40 -500 80.0
40 -480 79.99222
40 -460 79.98458
40 -440 79.97692
40 -420 79.96907
40 -400 79.960884
40 -380 79.952225
40 -360 79.94299
40 -340 79.9331
40 -320 79.92248
40 -300 79.9111
40 -280 79.89895
40 -260 79.88601
40 -240 79.87226
40 -220 79.85765
40 -200 79.8421
40 -180 79.82545
40 -160 79.80743
40 -140 79.78767
40 -120 79.76562
40 -100 79.740555
40 -80 79.71153
40 -60 79.67762
40 -40 79.63865
40 -20 79.59798
40 0 79.56977
40 20 79.58727
40 40 79.61982
40 60 79.6531
40 80 79.683044
40 100 79.70926
40 120 79.7323
40 140 79.75285
40 160 79.771515
40 180 79.78874
40 200 79.80488
40 220 79.82019
40 240 79.83487
40 260 79.84904
40 280 79.8628
40 300 79.87623
40 320 79.889366
40 340 79.902245
40 360 79.914894
40 380 79.92734
40 400 79.93961
40 420 79.95175
40 440 79.96381
40 460 79.97583
40 480 79.98788
40 500 80.0
60 -500 80.0
60 -480 79.99237
60 -460 79.98492
60 -440 79.97744
60 -420 79.96978
60 -400 79.9618
60 -380 79.953354
60 -360 79.944336
60 -340 79.93468
60 -320 79.92432
60 -300 79.913216
60 -280 79.901375
60 -260 79.88881
60 -240 79.87552
60 -220 79.861496
60 -200 79.8467
60 -180 79.83105
60 -160 79.814384
60 -140 79.796486
60 -120 79.77707
60 -100 79.75582
60 -80 79.73249
60 -60 79.7072
60 -40 79.68108
60 -20 79.657585
60 0 79.643875
60 20 79.64859
60 40 79.66451
60 60 79.68475
60 80 79.705635
60 100 79.72566
60 120 79.7444
60 140 79.761894
60 160 79.778305
60 180 79.79385
60 200 79.808716
60 220 79.82305
60 240 79.83698
60 260 79.850586
60 280 79.86392
60 300 79.87703
60 320 79.88993
60 340 79.90264
60 360 79.91518
60 380 79.927536
60 400 79.93976
60 420 79.95186
60 440 79.96388
60 460 79.975876
60 480 79.9879
60 500 80.0
80 -500 80.0
80 -480 79.99252
80 -460 79.98522
80 -440 79.97792
80 -420 79.97045
80 -400 79.962654
80 -380 79.954414
80 -360 79.94562
80 -340 79.93619
80 -320 79.92608
80 -300 79.915276
80 -280 79.90378
80 -260 79.891624
80 -240 79.87884
80 -220 79.865456
80 -200 79.851494
80 -180 79.83692
80 -160 79.821686
80 -140 79.80571
80 -120 79.78888
80 -100 79.771164
80 -80 79.752655
80 -60 79.73383
80 -40 79.715866
80 -20 79.70102
80 0 79.69263
80 20 79.69337
80 40 79.70136
80 60 79.713615
80 80 79.72785
80 100 79.74271
80 120 79.75752
80 140 79.77202
80 160 79.78614
80 180 79.799904
80 200 79.813385
80 220 79.82664
80 240 79.839714
80 260 79.85265
80 280 79.86548
80 300 79.8782
80 320 79.8908
80 340 79.90329
80 360 79.91565
80 380 79.927895
80 400 79.94002
80 420 79.95205
80 440 79.96402
80 460 79.97596
80 480 79.98794
80 500 80.0
100 -500 80.0
100 -480 79.99266
100 -460 79.98551
100 -440 79.97837
100 -420 79.97107
100 -400 79.963455
100 -380 79.95541
100 -360 79.946815
100 -340 79.93762
100 -320 79.927765
100 -300 79.91726
100 -280 79.906105
100 -260 79.89437
100 -240 79.88211
100 -220 79.86939
100 -200 79.85626
100 -180 79.842766
100 -160 79.82891
100 -140 79.81472
100 -120 79.8002
100 -100 79.785446
100 -80 79.77069
100 -60 79.75641
100 -40 79.74349
100 -20 79.73328
100 0 79.72733
100 20 79.72668
100 40 79.730774
100 60 79.73832
100 80 79.74804
100 100 79.75898
100 120 79.77055
100 140 79.782425
100 160 79.794426
100 180 79.80648
100 200 79.81858
100 220 79.83073
100 240 79.84291
100 260 79.85514
100 280 79.8674
100 300 79.87967
100 320 79.89193
100 340 79.90415
100 360 79.916306
100 380 79.92839
100 400 79.94039
100 420 79.952324
100 440 79.96421
100 460 79.97609
100 480 79.988
100 500 80.0
120 -500 80.0
120 -480 79.99279
120 -460 79.98579
120 -440 79.9788
120 -420 79.97165
120 -400 79.9642
120 -380 79.95634
120 -360 79.947945
120 -340 79.938965
120 -320 79.92937
120 -300 79.91914
120 -280 79.90834
120 -260 79.89702
120 -240 79.88528
120 -220 79.8732
120 -200 79.86087
120 -180 79.84839
120 -160 79.8358
120 -140 79.82318
120 -120 79.81061
120 -100 79.798225
120 -80 79.78626
120 -60 79.77512
120 -40 79.765396
120 -20 79.75785
120 0 79.75327
120 20 79.75211
120 40 79.7542
120 60 79.758965
120 80 79.7657
120 100 79.77382
120 120 79.782875
120 140 79.79257
120 160 79.802734
120 180 79.81325
120 200 79.82406
120 220 79.83513
120 240 79.846436
120 260 79.85794
120 280 79.86961
120 300 79.88141
120 320 79.89329
120 340 79.905205
120 360 79.91713
120 380 79.92902
120 400 79.94087
120 420 79.95268
120 440 79.96446
120 460 79.97625
120 480 79.988075
120 500 80.0
140 -500 80.0
140 -480 79.99292
140 -460 79.98605
140 -440 79.9792
140 -420 79.972206
140 -400 79.96491
140 -380 79.957214
140 -360 79.949005
140 -340 79.94024
140 -320 79.93087
140 -300 79.92093
140 -280 79.91046
140 -260 79.89954
140 -240 79.8883
140 -220 79.87683
140 -200 79.86526
140 -180 79.85369
140 -160 79.842224
140 -140 79.83095
140 -120 79.81998
140 -100 79.80945
140 -80 79.79957
140 -60 79.79062
140 -40 79.78298
140 -20 79.7771
140 0 79.773384
140 20 79.77206
140 40 79.77308
140 60 79.77617
140 80 79.78095
140 100 79.78707
140 120 79.79423
140 140 79.80219
140 160 79.81081
140 180 79.81998
140 200 79.82963
140 220 79.83971
140 240 79.85017
140 260 79.86096
140 280 79.87205
140 300 79.883354
140 320 79.89484
140 340 79.90643
140 360 79.91809
140 380 79.92978
140 400 79.94145
140 420 79.95312
140 440 79.964775
140 460 79.97645
140 480 79.988174
140 500 80.0
160 -500 80.0
160 -480 79.99305
160 -460 79.98631
160 -440 79.97959
160 -420 79.97273
160 -400 79.96558
160 -380 79.958046
160 -360 79.95001
160 -340 79.94144
160 -320 79.932304
160 -300 79.92263
160 -280 79.912476
160 -260 79.901955
160 -240 79.891174
160 -220 79.88028
160 -200 79.86939
160 -180 79.85865
160 -160 79.84816
160 -140 79.83803
160 -120 79.82837
160 -100 79.81929
160 -80 79.81096
160 -60 79.80357
160 -40 79.79736
160 -20 79.792595
160 0 79.78948
160 20 79.78815
160 40 79.788574
160 60 79.790634
160 80 79.79413
160 100 79.798836
160 120 79.804565
160 140 79.81117
160 160 79.81853
160 180 79.82655
160 200 79.835175
160 220 79.84435
160 240 79.85403
160 260 79.86415
160 280 79.87465
160 300 79.885475
160 320 79.89655
160 340 79.90781
160 360 79.91919
160 380 79.93064
160 400 79.94212
160 420 79.95363
160 440 79.96514
160 460 79.97669
160 480 79.9883
160 500 80.0
180 -500 80.0
180 -480 79.99318
180 -460 79.986565
180 -440 79.97997
180 -420 79.973236
180 -400 79.966225
180 -380 79.95883
180 -360 79.950966
180 -340 79.94258
180 -320 79.93366
180 -300 79.92425
180 -280 79.914406
180 -260 79.90425
180 -240 79.89391
180 -220 79.88355
180 -200 79.8733
180 -180 79.8633
180 -160 79.85365
180 -140 79.84449
180 -120 79.83589
180 -100 79.827965
180 -80 79.82082
180 -60 79.81458
180 -40 79.8094
180 -20 79.80542
180 0 79.80276
180 20 79.801476
180 40 79.801575
180 60 79.802986
180 80 79.8056
180 100 79.80931
180 120 79.81398
180 140 79.81952
180 160 79.82585
180 180 79.83291
180 200 79.840645
180 220 79.849014
180 240 79.85796
180 260 79.86745
180 280 79.87739
180 300 79.88773
180 320 79.8984
180 340 79.90931
180 360 79.920395
180 380 79.9316
180 400 79.94288
180 420 79.9542
180 440 79.96556
180 460 79.97696
180 480 79.988434
180 500 80.0
200 -500 80.0
200 -480 79.99331
200 -460 79.98681
200 -440 79.98033
200 -420 79.973724
200 -400 79.96684
200 -380 79.95959
200 -360 79.95188
200 -340 79.94367
200 -320 79.93497
200 -300 79.9258
200 -280 79.91625
200 -260 79.90645
200 -240 79.89654
200 -220 79.886665
200 -200 79.87699
200 -180 79.867645
200 -160 79.85876
200 -140 79.85042
200 -120 79.842705
200 -100 79.8357
200 -80 79.82948
200 -60 79.82412
200 -40 79.81971
200 -20 79.81631
200 0 79.813995
200 20 79.8128
200 40 79.81271
200 60 79.81371
200 80 79.81573
200 100 79.81871
200 120 79.82258
200 140 79.827286
200 160 79.83278
200 180 79.83903
200 200 79.84599
200 220 79.85364
200 240 79.86193
200 260 79.87081
200 280 79.880226
200 300 79.8901
200 320 79.90035
200 340 79.91091
200 360 79.9217
200 380 79.93264
200 400 79.943695
200 420 79.95483
200 440 79.96602
200 460 79.977264
200 480 79.98858
200 500 80.0
220 -500 80.0
220 -480 79.99343
220 -460 79.98705
220 -440 79.98068
220 -420 79.97419
220 -400 79.96743
220 -380 79.960304
220 -360 79.95275
220 -340 79.94472
220 -320 79.93621
220 -300 79.927284
220 -280 79.91802
220 -260 79.90856
220 -240 79.89904
220 -220 79.88963
220 -200 79.88049
220 -180 79.87175
220 -160 79.86352
220 -140 79.85588
220 -120 79.848915
220 -100 79.842674
220 -80 79.83719
220 -60 79.83252
220 -40 79.8287
220 -20 79.82575
220 0 79.82372
220 20 79.82262
220 40 79.82244
220 60 79.82316
220 80 79.82476
220 100 79.8272
220 120 79.83046
220 140 79.83451
220 160 79.839325
220 180 79.84489
220 200 79.85118
220 220 79.85819
220 240 79.865875
220 260 79.87421
220 280 79.88311
220 300 79.892525
220 320 79.90238
220 340 79.91258
220 360 79.92306
220 380 79.93374
220 400 79.944565
220 420 79.95549
220 440 79.9665
220 460 79.97758
220 480 79.98874
220 500 80.0
240 -500 80.0
240 -480 79.99355
240 -460 79.98728
240 -440 79.98102
240 -420 79.974625
240 -400 79.96798
240 -380 79.96098
240 -360 79.95357
240 -340 79.9457
240 -320 79.9374
240 -300 79.9287
240 -280 79.919716
240 -260 79.910576
240 -240 79.90144
240 -220 79.89246
240 -200 79.88381
240 -180 79.87561
240 -160 79.86796
240 -140 79.86095
240 -120 79.85461
240 -100 79.84899
240 -80 79.84412
240 -60 79.84
240 -40 79.83665
240 -20 79.83407
240 0 79.832275
240 20 79.83126
240 40 79.83103
240 60 79.83157
240 80 79.83287
240 100 79.834915
240 120 79.8377
240 140 79.84122
240 160 79.845474
240 180 79.850464
240 200 79.85618
240 220 79.86262
240 240 79.86977
240 260 79.87757
240 280 79.886
240 300 79.89498
240 320 79.904434
240 340 79.91429
240 360 79.92445
240 380 79.93487
240 400 79.94545
240 420 79.95617
240 440 79.96699
240 460 79.9779
240 480 79.9889
240 500 80.0
260 -500 80.0
260 -480 79.99366
260 -460 79.98749
260 -440 79.98132
260 -420 79.97503
260 -400 79.96849
260 -380 79.96162
260 -360 79.95434
260 -340 79.94663
260 -320 79.93851
260 -300 79.93004
260 -280 79.92132
260 -260 79.91249
260 -240 79.90372
260 -220 79.89515
260 -200 79.88694
260 -180 79.87923
260 -160 79.8721
260 -140 79.86562
260 -120 79.85983
260 -100 79.854744
260 -80 79.850365
260 -60 79.846695
260 -40 79.84372
260 -20 79.84144
260 0 79.839836
260 20 79.83891
260 40 79.83866
260 60 79.83907
260 80 79.84016
260 100 79.841896
260 120 79.844315
260 140 79.84741
260 160 79.851204
260 180 79.855705
260 200 79.86092
260 220 79.86687
260 240 79.87352
260 260 79.88085
260 280 79.88883
260 300 79.8974
260 320 79.90648
260 340 79.915985
260 360 79.92584
260 380 79.93598
260 400 79.94633
260 420 79.95683
260 440 79.96747
260 460 79.97821
260 480 79.98905
260 500 80.0
280 -500 80.0
280 -480 79.99376
280 -460 79.98768
280 -440 79.9816
280 -420 79.975395
280 -400 79.96895
280 -380 79.96218
280 -360 79.95503
280 -340 79.94748
280 -320 79.93954
280 -300 79.93128
280 -280 79.92281
280 -260 79.91428
280 -240 79.90584
280 -220 79.89765
280 -200 79.88986
280 -180 79.88258
280 -160 79.875916
280 -140 79.8699
280 -120 79.86458
280 -100 79.85993
280 -80 79.85597
280 -60 79.85266
280 -40 79.85
280 -20 79.84795
280 0 79.84652
280 20 79.84567
280 40 79.84541
280 60 79.84574
280 80 79.84666
280 100 79.84817
280 120 79.85029
280 140 79.85304
280 160 79.85646
280 180 79.86055
280 200 79.86535
280 220 79.87085
280 240 79.87707
280 260 79.88398
280 280 79.89155
280 300 79.89972
280 320 79.90844
280 340 79.91762
280 360 79.927185
280 380 79.93705
280 400 79.94717
280 420 79.957466
280 440 79.96792
280 460 79.9785
280 480 79.9892
280 500 80.0
300 -500 80.0
300 -480 79.99384
300 -460 79.98784
300 -440 79.981834
300 -420 79.9757
300 -400 79.969345
300 -380 79.96268
300 -360 79.95564
300 -340 79.94823
300 -320 79.94045
300 -300 79.9324
300 -280 79.92417
300 -260 79.91592
300 -240 79.90778
300 -220 79.89994
300 -200 79.892525
300 -180 79.88564
300 -160 79.87938
300 -140 79.87377
300 -120 79.868835
300 -100 79.86456
300 -80 79.86093
300 -60 79.857925
300 -40 79.85551
300 -20 79.85366
300 0 79.85235
300 20 79.85158
300 40 79.85132
300 60 79.85158
300 80 79.85237
300 100 79.8537
300 120 79.8556
300 140 79.85808
300 160 79.86118
300 180 79.86494
300 200 79.86937
300 220 79.8745
300 240 79.88033
300 260 79.88686
300 280 79.89406
300 300 79.901886
300 320 79.91026
300 340 79.919136
300 360 79.92842
300 380 79.938034
300 400 79.94793
300 420 79.95803
300 440 79.968315
300 460 79.978745
300 480 79.98931
300 500 80.0
320 -500 80.0
320 -480 79.993904
320 -460 79.98796
320 -440 79.98202
320 -420 79.97595
320 -400 79.969666
320 -380 79.96308
320 -360 79.956154
320 -340 79.94887
320 -320 79.941246
320 -300 79.93338
320 -280 79.92537
320 -260 79.917366
320 -240 79.90952
320 -220 79.901985
320 -200 79.8949
320 -180 79.88837
320 -160 79.88245
320 -140 79.877174
320 -120 79.87257
320 -100 79.8686
320 -80 79.86525
320 -60 79.86248
320 -40 79.86026
320 -20 79.85856
320 0 79.85736
320 20 79.856636
320 40 79.85638
320 60 79.8566
320 80 79.85729
320 100 79.85849
320 120 79.8602
320 140 79.862465
320 160 79.86532
320 180 79.86879
320 200 79.872925
320 220 79.87774
320 240 79.88325
320 260 79.88944
320 280 79.89632
320 300 79.903824
320 320 79.9119
320 340 79.920494
320 360 79.92952
320 380 79.93891
320 400 79.94859
320 420 79.95852
320 440 79.96864
320 460 79.97894
320 480 79.989395
320 500 80.0
340 -500 80.0
340 -480 79.99395
340 -460 79.988045
340 -440 79.98215
340 -420 79.976135
340 -400 79.96991
340 -380 79.9634
340 -360 79.95656
340 -340 79.94939
340 -320 79.94191
340 -300 79.934204
340 -280 79.92639
340 -260 79.91861
340 -240 79.91102
340 -220 79.903755
340 -200 79.89696
340 -180 79.89071
340 -160 79.885086
340 -140 79.8801
340 -120 79.875755
340 -100 79.87203
340 -80 79.868904
340 -60 79.86632
340 -40 79.86426
340 -20 79.86268
340 0 79.86155
340 20 79.86087
340 40 79.86062
340 60 79.8608
340 80 79.86143
340 100 79.86251
340 120 79.86409
340 140 79.86618
340 160 79.868835
340 180 79.872086
340 200 79.87597
340 220 79.88052
340 240 79.88576
340 260 79.89168
340 280 79.89827
340 300 79.9055
340 320 79.91332
340 340 79.92167
340 360 79.930466
340 380 79.939644
340 400 79.94914
340 420 79.95891
340 440 79.9689
340 460 79.97909
340 480 79.989456
340 500 80.0
360 -500 80.0
360 -480 79.99398
360 -460 79.9881
360 -440 79.98223
360 -420 79.97626
360 -400 79.97008
360 -380 79.96362
360 -360 79.95686
360 -340 79.94978
360 -320 79.94242
360 -300 79.93487
360 -280 79.92722
360 -260 79.91964
360 -240 79.91226
360 -220 79.905235
360 -200 79.89868
360 -180 79.89268
360 -160 79.88729
360 -140 79.88253
360 -120 79.8784
360 -100 79.87488
360 -80 79.87191
360 -60 79.86948
360 -40 79.86753
360 -20 79.866035
360 0 79.864975
360 20 79.86433
360 40 79.864075
360 60 79.86423
360 80 79.8648
360 100 79.86581
360 120 79.86727
360 140 79.86924
360 160 79.871735
360 180 79.87481
360 200 79.8785
360 220 79.88284
360 240 79.887856
360 260 79.89355
360 280 79.89991
360 300 79.906906
360 320 79.914505
360 340 79.92264
360 360 79.93124
360 380 79.94024
360 400 79.94958
360 420 79.959206
360 440 79.969086
360 460 79.97919
360 480 79.989494
360 500 80.0
380 -500 80.0
380 -480 79.99399
380 -460 79.98812
380 -440 79.98227
380 -420 79.97632
380 -400 79.97018
380 -380 79.96377
380 -360 79.95707
380 -340 79.950066
380 -320 79.94281
380 -300 79.93538
380 -280 79.92788
380 -260 79.92046
380 -240 79.91327
380 -220 79.90643
380 -200 79.90007
380 -180 79.89427
380 -160 79.88908
380 -140 79.8845
380 -120 79.88054
380 -100 79.87715
380 -80 79.87432
380 -60 79.871994
380 -40 79.87013
380 -20 79.868706
380 0 79.86769
380 20 79.86706
380 40 79.86681
380 60 79.86695
380 80 79.86748
380 100 79.86842
380 120 79.86981
380 140 79.87167
380 160 79.874054
380 180 79.87699
380 200 79.88053
380 220 79.88471
380 240 79.88955
380 260 79.89506
380 280 79.90123
380 300 79.90804
380 320 79.91546
380 340 79.92341
380 360 79.93185
380 380 79.9407
380 400 79.949905
380 420 79.95942
380 440 79.96921
380 460 79.97924
380 480 79.9895
380 500 80.0
400 -500 80.0
400 -480 79.99399
400 -460 79.98812
400 -440 79.98228
400 -420 79.97634
400 -400 79.970215
400 -380 79.963844
400 -360 79.95719
400 -340 79.95026
400 -320 79.943085
400 -300 79.93575
400 -280 79.928375
400 -260 79.92109
400 -240 79.91405
400 -220 79.907364
400 -200 79.90116
400 -180 79.895515
400 -160 79.89047
400 -140 79.88603
400 -120 79.882195
400 -100 79.87893
400 -80 79.87619
400 -60 79.87394
400 -40 79.87214
400 -20 79.870766
400 0 79.869774
400 20 79.86916
400 40 79.86891
400 60 79.86903
400 80 79.86954
400 100 79.87044
400 120 79.871765
400 140 79.87355
400 160 79.87585
400 180 79.878685
400 200 79.88212
400 220 79.88617
400 240 79.89087
400 260 79.89623
400 280 79.90226
400 300 79.90893
400 320 79.91619
400 340 79.92401
400 360 79.93231
400 380 79.94104
400 400 79.95014
400 420 79.95957
400 440 79.969284
400 460 79.97926
400 480 79.9895
400 500 80.0
420 -500 80.0
420 -480 79.99397
420 -460 79.988106
420 -440 79.98226
420 -420 79.976326
420 -400 79.97022
420 -380 79.96387
420 -360 79.95725
420 -340 79.95037
420 -320 79.94326
420 -300 79.93601
420 -280 79.92873
420 -260 79.921555
420 -240 79.91463
420 -220 79.908066
420 -200 79.901985
420 -180 79.89646
420 -160 79.891525
420 -140 79.88719
420 -120 79.883446
420 -100 79.88026
420 -80 79.87759
420 -60 79.87539
420 -40 79.873634
420 -20 79.87229
420 0 79.87132
420 20 79.87072
420 40 79.870476
420 60 79.87058
420 80 79.87106
420 100 79.87193
420 120 79.873215
420 140 79.874954
420 160 79.87719
420 180 79.87995
420 200 79.8833
420 220 79.88726
420 240 79.89186
420 260 79.897125
420 280 79.90304
420 300 79.90959
420 320 79.91675
420 340 79.92445
420 360 79.932655
420 380 79.94129
420 400 79.95031
420 420 79.95966
420 440 79.96932
420 460 79.97926
420 480 79.98949
420 500 80.0
440 -500 80.0
440 -480 79.993965
440 -460 79.98808
440 -440 79.98223
440 -420 79.9763
440 -400 79.9702
440 -380 79.96387
440 -360 79.957275
440 -340 79.950424
440 -320 79.94337
440 -300 79.93617
440 -280 79.92897
440 -260 79.921875
440 -240 79.91503
440 -220 79.90856
440 -200 79.90257
440 -180 79.89713
440 -160 79.89227
440 -140 79.888016
440 -120 79.88433
440 -100 79.881195
440 -80 79.87857
440 -60 79.87642
440 -40 79.874695
440 -20 79.87337
440 0 79.87241
440 20 79.87182
440 40 79.871574
440 60 79.87167
440 80 79.87214
440 100 79.872986
440 120 79.874245
440 140 79.875946
440 160 79.878136
440 180 79.88086
440 200 79.88415
440 220 79.88804
440 240 79.89258
440 260 79.89776
440 280 79.903595
440 300 79.91007
440 320 79.917145
440 340 79.92477
440 360 79.93289
440 380 79.94146
440 400 79.95042
440 420 79.959724
440 440 79.969345
440 460 79.97926
440 480 79.98948
440 500 80.0
460 -500 80.0
460 -480 79.99395
460 -460 79.98806
460 -440 79.98221
460 -420 79.97627
460 -400 79.97017
460 -380 79.963844
460 -360 79.95727
460 -340 79.95045
460 -320 79.94342
460 -300 79.93627
460 -280 79.929115
460 -260 79.92208
460 -240 79.9153
460 -220 79.90889
460 -200 79.902954
460 -180 79.89757
460 -160 79.89277
460 -140 79.88855
460 -120 79.88491
460 -100 79.881805
460 -80 79.87921
460 -60 79.87708
460 -40 79.875374
460 -20 79.87406
460 0 79.873116
460 20 79.87252
460 40 79.87228
460 60 79.872375
460 80 79.87283
460 100 79.873665
460 120 79.87491
460 140 79.87659
460 160 79.87875
460 180 79.88144
460 200 79.88469
460 220 79.88855
460 240 79.893036
460 260 79.89818
460 280 79.90396
460 300 79.91038
460 320 79.9174
460 340 79.92497
460 360 79.93305
460 380 79.94157
460 400 79.950485
460 420 79.959755
460 440 79.96935
460 460 79.979256
460 480 79.98946
460 500 80.0
480 -500 80.0
480 -480 79.99394
480 -460 79.98805
480 -440 79.982185
480 -420 79.97625
480 -400 79.97015
480 -380 79.96383
480 -360 79.95726
480 -340 79.95045
480 -320 79.94344
480 -300 79.93632
480 -280 79.92919
480 -260 79.92218
480 -240 79.91543
480 -220 79.90905
480 -200 79.90315
480 -180 79.89779
480 -160 79.89301
480 -140 79.88882
480 -120 79.88519
480 -100 79.88211
480 -80 79.87953
480 -60 79.87741
480 -40 79.87571
480 -20 79.874405
480 0 79.87347
480 20 79.87287
480 40 79.87262
480 60 79.87272
480 80 79.87317
480 100 79.874
480 120 79.87524
480 140 79.87691
480 160 79.87906
480 180 79.88173
480 200 79.884964
480 220 79.8888
480 240 79.89327
480 260 79.898384
480 280 79.904144
480 300 79.91054
480 320 79.917534
480 340 79.92508
480 360 79.93313
480 380 79.94163
480 400 79.95052
480 420 79.95978
480 440 79.96936
480 460 79.979256
480 480 79.98946
480 500 80.0
