-480 -500 80.0
-480 -480 79.9972
-480 -460 79.99443
-480 -440 79.99169
-480 -420 79.98897
-480 -400 79.98629
-480 -380 79.98365
-480 -360 79.98108
-480 -340 79.978584
-480 -320 79.97618
-480 -300 79.973885
-480 -280 79.97172
-480 -260 79.96968
-480 -240 79.96778
-480 -220 79.96603
-480 -200 79.96442
-480 -180 79.96295
-480 -160 79.96164
-480 -140 79.96049
-480 -120 79.95949
-480 -100 79.95866
-480 -80 79.95801
-480 -60 79.95754
-480 -40 79.95727
-480 -20 79.9572
-480 0 79.95734
-480 20 79.95768
-480 40 79.95823
-480 60 79.95897
-480 80 79.9599
-480 100 79.961
-480 120 79.96225
-480 140 79.963646
-480 160 79.96516
-480 180 79.966774
-480 200 79.96849
-480 220 79.97029
-480 240 79.97217
-480 260 79.97411
-480 280 79.97611
-480 300 79.978165
-480 320 79.98026
-480 340 79.9824
-480 360 79.98456
-480 380 79.98674
-480 400 79.98894
-480 420 79.99115
-480 440 79.99336
-480 460 79.995575
-480 480 79.99779
-480 500 80.0
-460 -500 80.0
-460 -480 79.9972
-460 -460 79.99442
-460 -440 79.99167
-460 -420 79.98893
-460 -400 79.98624
-460 -380 79.98358
-460 -360 79.98098
-460 -340 79.97846
-460 -320 79.976036
-460 -300 79.97372
-460 -280 79.97152
-460 -260 79.96946
-460 -240 79.96753
-460 -220 79.965744
-460 -200 79.9641
-460 -180 79.962616
-460 -160 79.96127
-460 -140 79.96009
-460 -120 79.959076
-460 -100 79.95822
-460 -80 79.95755
-460 -60 79.95706
-460 -40 79.95678
-460 -20 79.9567
-460 0 79.95683
-460 20 79.95718
-460 40 79.957726
-460 60 79.95848
-460 80 79.95942
-460 100 79.96053
-460 120 79.9618
-460 140 79.96321
-460 160 79.96475
-460 180 79.96639
-460 200 79.96814
-460 220 79.96996
-460 240 79.97186
-460 260 79.97383
-460 280 79.97586
-460 300 79.97794
-460 320 79.980064
-460 340 79.98222
-460 360 79.984406
-460 380 79.98662
-460 400 79.98884
-460 420 79.991066
-460 440 79.9933
-460 460 79.99554
-460 480 79.997765
-460 500 80.0
-440 -500 80.0
-440 -480 79.997185
-440 -460 79.994385
-440 -440 79.99161
-440 -420 79.98884
-440 -400 79.98611
-440 -380 79.983406
-440 -360 79.98077
-440 -340 79.978195
-440 -320 79.975716
-440 -300 79.97334
-440 -280 79.971085
-440 -260 79.96896
-440 -240 79.96697
-440 -220 79.965126
-440 -200 79.963425
-440 -180 79.961876
-440 -160 79.96047
-440 -140 79.959236
-440 -120 79.95816
-440 -100 79.95726
-440 -80 79.95654
-440 -60 79.95602
-440 -40 79.9557
-440 -20 79.955605
-440 0 79.95572
-440 20 79.95606
-440 40 79.95662
-440 60 79.95739
-440 80 79.95835
-440 100 79.9595
-440 120 79.960815
-440 140 79.96227
-440 160 79.96386
-440 180 79.96555
-440 200 79.967354
-440 220 79.96924
-440 240 79.9712
-440 260 79.97322
-440 280 79.97531
-440 300 79.97744
-440 320 79.97962
-440 340 79.981834
-440 360 79.98408
-440 380 79.986336
-440 400 79.98861
-440 420 79.99089
-440 440 79.99317
-440 460 79.99545
-440 480 79.99773
-440 500 80.0
-420 -500 80.0
-420 -480 79.997154
-420 -460 79.994316
-420 -440 79.99149
-420 -420 79.98867
-420 -400 79.98588
-420 -380 79.98311
-420 -360 79.98039
-420 -340 79.97774
-420 -320 79.975174
-420 -300 79.9727
-420 -280 79.97035
-420 -260 79.968124
-420 -240 79.966034
-420 -220 79.96408
-420 -200 79.96228
-420 -180 79.960625
-420 -160 79.95912
-420 -140 79.95779
-420 -120 79.95662
-420 -100 79.955635
-420 -80 79.954834
-420 -60 79.95425
-420 -40 79.95387
-420 -20 79.953735
-420 0 79.95383
-420 20 79.95416
-420 40 79.954735
-420 60 79.955536
-420 80 79.95654
-420 100 79.95775
-420 120 79.95914
-420 140 79.96067
-420 160 79.96235
-420 180 79.964134
-420 200 79.966034
-420 220 79.96801
-420 240 79.97007
-420 260 79.9722
-420 280 79.97438
-420 300 79.97661
-420 320 79.97888
-420 340 79.981186
-420 360 79.98352
-420 380 79.98586
-420 400 79.98823
-420 420 79.990585
-420 440 79.99295
-420 460 79.99531
-420 480 79.99766
-420 500 80.0
-400 -500 80.0
-400 -480 79.9971
-400 -460 79.9942
-400 -440 79.991295
-400 -420 79.98839
-400 -400 79.985504
-400 -380 79.982635
-400 -360 79.979805
-400 -340 79.97703
-400 -320 79.97433
-400 -300 79.971725
-400 -280 79.96922
-400 -260 79.96685
-400 -240 79.9646
-400 -220 79.962494
-400 -200 79.96053
-400 -180 79.958725
-400 -160 79.95707
-400 -140 79.95558
-400 -120 79.95427
-400 -100 79.95315
-400 -80 79.952225
-400 -60 79.95153
-400 -40 79.95107
-400 -20 79.95087
-400 0 79.95093
-400 20 79.951256
-400 40 79.95184
-400 60 79.95269
-400 80 79.95377
-400 100 79.95507
-400 120 79.95657
-400 140 79.95824
-400 160 79.96005
-400 180 79.96199
-400 200 79.964035
-400 220 79.96617
-400 240 79.96838
-400 260 79.97066
-400 280 79.972984
-400 300 79.975365
-400 320 79.977776
-400 340 79.980225
-400 360 79.98269
-400 380 79.98516
-400 400 79.98765
-400 420 79.990135
-400 440 79.992615
-400 460 79.99509
-400 480 79.99755
-400 500 80.0
-380 -500 80.0
-380 -480 79.99701
-380 -460 79.99401
-380 -440 79.99099
-380 -420 79.98797
-380 -400 79.98495
-380 -380 79.98193
-380 -360 79.97894
-380 -340 79.976
-380 -320 79.973114
-380 -300 79.970314
-380 -280 79.96761
-380 -260 79.96503
-380 -240 79.96256
-380 -220 79.960236
-380 -200 79.958046
-380 -180 79.95601
-380 -160 79.95413
-380 -140 79.95242
-380 -120 79.9509
-380 -100 79.94958
-380 -80 79.94848
-380 -60 79.947624
-380 -40 79.94704
-380 -20 79.94674
-380 0 79.94675
-380 20 79.94706
-380 40 79.947685
-380 60 79.9486
-380 80 79.9498
-380 100 79.95124
-380 120 79.95291
-380 140 79.95477
-380 160 79.95679
-380 180 79.95895
-380 200 79.96121
-380 220 79.96357
-380 240 79.966
-380 260 79.9685
-380 280 79.97105
-380 300 79.973625
-380 320 79.97624
-380 340 79.97888
-380 360 79.98153
-380 380 79.984184
-380 400 79.98685
-380 420 79.9895
-380 440 79.99215
-380 460 79.99479
-380 480 79.997406
-380 500 80.0
-360 -500 80.0
-360 -480 79.99688
-360 -460 79.99374
-360 -440 79.99056
-360 -420 79.98737
-360 -400 79.98417
-360 -380 79.98096
-360 -360 79.97776
-360 -340 79.974594
-360 -320 79.971466
-360 -300 79.968414
-360 -280 79.96544
-360 -260 79.96257
-360 -240 79.959816
-360 -220 79.957184
-360 -200 79.95469
-360 -180 79.95234
-360 -160 79.95016
-360 -140 79.94814
-360 -120 79.94633
-360 -100 79.944725
-360 -80 79.943375
-360 -60 79.9423
-360 -40 79.941536
-360 -20 79.94111
-360 0 79.94104
-360 20 79.94134
-360 40 79.94201
-360 60 79.94304
-360 80 79.9444
-360 100 79.94605
-360 120 79.94797
-360 140 79.9501
-360 160 79.952415
-360 180 79.95488
-360 200 79.95746
-360 220 79.96013
-360 240 79.96287
-360 260 79.96565
-360 280 79.96848
-360 300 79.971344
-360 320 79.97423
-360 340 79.97712
-360 360 79.98002
-360 380 79.98291
-360 400 79.9858
-360 420 79.98868
-360 440 79.99154
-360 460 79.994385
-360 480 79.99721
-360 500 80.0
-340 -500 80.0
-340 -480 79.996704
-340 -460 79.99337
-340 -440 79.99
-340 -420 79.986595
-340 -400 79.98316
-340 -380 79.979706
-340 -360 79.97624
-340 -340 79.972786
-340 -320 79.96936
-340 -300 79.96598
-340 -280 79.96266
-340 -260 79.959435
-340 -240 79.9563
-340 -220 79.953285
-340 -200 79.95039
-340 -180 79.94765
-340 -160 79.94505
-340 -140 79.94264
-340 -120 79.94043
-340 -100 79.93846
-340 -80 79.93677
-340 -60 79.935394
-340 -40 79.934395
-340 -20 79.93379
-340 0 79.93363
-340 20 79.93392
-340 40 79.93467
-340 60 79.93585
-340 80 79.93744
-340 100 79.939384
-340 120 79.94164
-340 140 79.94415
-340 160 79.94687
-340 180 79.94974
-340 200 79.95273
-340 220 79.9558
-340 240 79.95894
-340 260 79.96211
-340 280 79.96531
-340 300 79.96852
-340 320 79.97173
-340 340 79.974945
-340 360 79.97815
-340 380 79.98134
-340 400 79.98451
-340 420 79.987656
-340 440 79.99078
-340 460 79.99388
-340 480 79.996956
-340 500 80.0
-320 -500 80.0
-320 -480 79.99648
-320 -460 79.99292
-320 -440 79.9893
-320 -420 79.98564
-320 -400 79.98193
-320 -380 79.97819
-320 -360 79.97441
-320 -340 79.97061
-320 -320 79.96682
-320 -300 79.96305
-320 -280 79.95932
-320 -260 79.95565
-320 -240 79.952065
-320 -220 79.94857
-320 -200 79.94519
-320 -180 79.94194
-320 -160 79.93884
-320 -140 79.93592
-320 -120 79.93322
-320 -100 79.93078
-320 -80 79.92866
-320 -60 79.92691
-320 -40 79.9256
-320 -20 79.92478
-320 0 79.92451
-320 20 79.92479
-320 40 79.925644
-320 60 79.92704
-320 80 79.92893
-320 100 79.93127
-320 120 79.93397
-320 140 79.936966
-320 160 79.940186
-320 180 79.94358
-320 200 79.94708
-320 220 79.95066
-320 240 79.954285
-320 260 79.957924
-320 280 79.96157
-320 300 79.9652
-320 320 79.96882
-320 340 79.97241
-320 360 79.97597
-320 380 79.9795
-320 400 79.983
-320 420 79.986465
-320 440 79.9899
-320 460 79.9933
-320 480 79.996666
-320 500 80.0
-300 -500 80.0
-300 -480 79.99622
-300 -460 79.99239
-300 -440 79.98851
-300 -420 79.98456
-300 -400 79.980545
-300 -380 79.97646
-300 -360 79.97233
-300 -340 79.96815
-300 -320 79.963936
-300 -300 79.959724
-300 -280 79.95552
-300 -260 79.95135
-300 -240 79.94723
-300 -220 79.943184
-300 -200 79.939224
-300 -180 79.93538
-300 -160 79.93167
-300 -140 79.92815
-300 -120 79.92484
-300 -100 79.92184
-300 -80 79.91918
-300 -60 79.91698
-300 -40 79.91529
-300 -20 79.914215
-300 0 79.9138
-300 20 79.9141
-300 40 79.91509
-300 60 79.91676
-300 80 79.91905
-300 100 79.92187
-300 120 79.925125
-300 140 79.92872
-300 160 79.93256
-300 180 79.93658
-300 200 79.9407
-300 220 79.94487
-300 240 79.949066
-300 260 79.95325
-300 280 79.9574
-300 300 79.96151
-300 320 79.965576
-300 340 79.9696
-300 360 79.97356
-300 380 79.97747
-300 400 79.98133
-300 420 79.985146
-300 440 79.988914
-300 460 79.992645
-300 480 79.99634
-300 500 80.0
-280 -500 80.0
-280 -480 79.99594
-280 -460 79.99183
-280 -440 79.98765
-280 -420 79.9834
-280 -400 79.97905
-280 -380 79.974625
-280 -360 79.9701
-280 -340 79.96551
-280 -320 79.96085
-280 -300 79.956154
-280 -280 79.95144
-280 -260 79.94671
-280 -240 79.942
-280 -220 79.93733
-280 -200 79.932724
-280 -180 79.9282
-280 -160 79.9238
-280 -140 79.91957
-280 -120 79.91557
-280 -100 79.911896
-280 -80 79.90862
-280 -60 79.90587
-280 -40 79.90375
-280 -20 79.90237
-280 0 79.90181
-280 20 79.902115
-280 40 79.9033
-280 60 79.90531
-280 80 79.90808
-280 100 79.91148
-280 120 79.9154
-280 140 79.91969
-280 160 79.924255
-280 180 79.92899
-280 200 79.933815
-280 220 79.93866
-280 240 79.94348
-280 260 79.948265
-280 280 79.95297
-280 300 79.95761
-280 320 79.96216
-280 340 79.96663
-280 360 79.971016
-280 380 79.975334
-280 400 79.979576
-280 420 79.98375
-280 440 79.98788
-280 460 79.99195
-280 480 79.99599
-280 500 80.0
-260 -500 80.0
-260 -480 79.99566
-260 -460 79.99126
-260 -440 79.986786
-260 -420 79.98222
-260 -400 79.977554
-260 -380 79.97277
-260 -360 79.967865
-260 -340 79.96285
-260 -320 79.95773
-260 -300 79.95254
-260 -280 79.94727
-260 -260 79.941956
-260 -240 79.93662
-260 -220 79.93128
-260 -200 79.925964
-260 -180 79.92069
-260 -160 79.91553
-260 -140 79.91051
-260 -120 79.90572
-260 -100 79.901276
-260 -80 79.897285
-260 -60 79.893906
-260 -40 79.89128
-260 -20 79.88954
-260 0 79.88882
-260 20 79.88916
-260 40 79.89058
-260 60 79.89301
-260 80 79.89634
-260 100 79.90043
-260 120 79.9051
-260 140 79.910194
-260 160 79.91557
-260 180 79.921104
-260 200 79.92669
-260 220 79.93226
-260 240 79.93777
-260 260 79.94318
-260 280 79.94847
-260 300 79.95364
-260 320 79.9587
-260 340 79.96363
-260 360 79.96845
-260 380 79.973175
-260 400 79.9778
-260 420 79.98234
-260 440 79.98682
-260 460 79.99124
-260 480 79.995636
-260 500 80.0
-240 -500 80.0
-240 -480 79.99538
-240 -460 79.99071
-240 -440 79.98596
-240 -420 79.98111
-240 -400 79.97613
-240 -380 79.971
-240 -360 79.96573
-240 -340 79.960304
-240 -320 79.954735
-240 -300 79.94903
-240 -280 79.943214
-240 -260 79.9373
-240 -240 79.93131
-240 -220 79.92527
-240 -200 79.919205
-240 -180 79.91314
-240 -160 79.907135
-240 -140 79.90125
-240 -120 79.89559
-240 -100 79.890274
-240 -80 79.885475
-240 -60 79.88137
-240 -40 79.87815
-240 -20 79.876015
-240 0 79.87511
-240 20 79.875496
-240 40 79.8772
-240 60 79.88012
-240 80 79.88411
-240 100 79.88898
-240 120 79.89451
-240 140 79.90049
-240 160 79.90675
-240 180 79.91315
-240 200 79.91955
-240 220 79.92588
-240 240 79.93209
-240 260 79.938156
-240 280 79.944046
-240 300 79.94977
-240 320 79.95532
-240 340 79.96071
-240 360 79.96596
-240 380 79.97107
-240 400 79.97607
-240 420 79.980965
-240 440 79.98579
-240 460 79.99055
-240 480 79.99528
-240 500 80.0
-220 -500 80.0
-220 -480 79.995125
-220 -460 79.990204
-220 -440 79.98521
-220 -420 79.980095
-220 -400 79.97483
-220 -380 79.9694
-220 -360 79.963776
-220 -340 79.95796
-220 -320 79.95196
-220 -300 79.94577
-220 -280 79.939415
-220 -260 79.9329
-220 -240 79.926254
-220 -220 79.919495
-220 -200 79.91264
-220 -180 79.90574
-220 -160 79.898834
-220 -140 79.89201
-220 -120 79.885376
-220 -100 79.8791
-220 -80 79.87336
-220 -60 79.868416
-220 -40 79.86452
-220 -20 79.8619
-220 0 79.86077
-220 20 79.86123
-220 40 79.86327
-220 60 79.866776
-220 80 79.87154
-220 100 79.877304
-220 120 79.8838
-220 140 79.89076
-220 160 79.89799
-220 180 79.90529
-220 200 79.912544
-220 220 79.91967
-220 240 79.926605
-220 260 79.93332
-220 280 79.939804
-220 300 79.94606
-220 320 79.9521
-220 340 79.95794
-220 360 79.96359
-220 380 79.96908
-220 400 79.974434
-220 420 79.97966
-220 440 79.98481
-220 460 79.98989
-220 480 79.99494
-220 500 80.0
-200 -500 80.0
-200 -480 79.9949
-200 -460 79.98977
-200 -440 79.98456
-200 -420 79.979225
-200 -400 79.97372
-200 -380 79.96801
-200 -360 79.962074
-200 -340 79.9559
-200 -320 79.94949
-200 -300 79.94285
-200 -280 79.93597
-200 -260 79.92887
-200 -240 79.92157
-200 -220 79.91408
-200 -200 79.90642
-200 -180 79.898636
-200 -160 79.89077
-200 -140 79.88292
-200 -120 79.875206
-200 -100 79.86782
-200 -80 79.86101
-200 -60 79.855064
-200 -40 79.85034
-200 -20 79.847145
-200 0 79.84576
-200 20 79.8463
-200 40 79.84876
-200 60 79.85297
-200 80 79.85864
-200 100 79.86545
-200 120 79.87303
-200 140 79.88108
-200 160 79.88934
-200 180 79.89762
-200 200 79.90577
-200 220 79.913704
-200 240 79.921364
-200 260 79.92873
-200 280 79.9358
-200 300 79.94258
-200 320 79.94909
-200 340 79.95535
-200 360 79.961395
-200 380 79.96724
-200 400 79.972916
-200 420 79.978455
-200 440 79.9839
-200 460 79.98928
-200 480 79.99463
-200 500 80.0
-180 -500 80.0
-180 -480 79.99471
-180 -460 79.98941
-180 -440 79.98403
-180 -420 79.97851
-180 -400 79.97279
-180 -380 79.96685
-180 -360 79.96065
-180 -340 79.95416
-180 -320 79.94738
-180 -300 79.9403
-180 -280 79.93292
-180 -260 79.925255
-180 -240 79.91731
-180 -220 79.90909
-180 -200 79.900604
-180 -180 79.8919
-180 -160 79.88301
-180 -140 79.87403
-180 -120 79.865105
-180 -100 79.85644
-180 -80 79.84834
-180 -60 79.84119
-180 -40 79.835434
-180 -20 79.831505
-180 0 79.82978
-180 20 79.83044
-180 40 79.833435
-180 60 79.838524
-180 80 79.845314
-180 100 79.85334
-180 120 79.86218
-180 140 79.87145
-180 160 79.88085
-180 180 79.89016
-180 200 79.89924
-180 220 79.908
-180 240 79.9164
-180 260 79.92441
-180 280 79.93205
-180 300 79.93934
-180 320 79.946304
-180 340 79.95297
-180 360 79.95937
-180 380 79.965546
-180 400 79.97153
-180 420 79.977356
-180 440 79.98308
-180 460 79.98872
-180 480 79.99435
-180 500 80.0
-160 -500 80.0
-160 -480 79.99457
-160 -460 79.989136
-160 -440 79.98361
-160 -420 79.97795
-160 -400 79.97208
-160 -380 79.965935
-160 -360 79.9595
-160 -340 79.952736
-160 -320 79.945625
-160 -300 79.93815
-160 -280 79.930305
-160 -260 79.9221
-160 -240 79.91351
-160 -220 79.904564
-160 -200 79.89524
-160 -180 79.88557
-160 -160 79.87557
-160 -140 79.86535
-160 -120 79.855034
-160 -100 79.844864
-160 -80 79.8352
-160 -60 79.82652
-160 -40 79.81943
-160 -20 79.81454
-160 0 79.81236
-160 20 79.81318
-160 40 79.8169
-160 60 79.82314
-160 80 79.83133
-160 100 79.84085
-160 120 79.851166
-160 140 79.86182
-160 160 79.87247
-160 180 79.8829
-160 200 79.89295
-160 220 79.90256
-160 240 79.9117
-160 260 79.92036
-160 280 79.92856
-160 300 79.93634
-160 320 79.94373
-160 340 79.95078
-160 360 79.95753
-160 380 79.96401
-160 400 79.970276
-160 420 79.976364
-160 440 79.98233
-160 460 79.98822
-160 480 79.994095
-160 500 80.0
-140 -500 80.0
-140 -480 79.99446
-140 -460 79.98893
-140 -440 79.983315
-140 -420 79.97755
-140 -400 79.97155
-140 -380 79.96526
-140 -360 79.95863
-140 -340 79.95164
-140 -320 79.94423
-140 -300 79.93639
-140 -280 79.92812
-140 -260 79.919395
-140 -240 79.9102
-140 -220 79.90052
-140 -200 79.89034
-140 -180 79.87966
-140 -160 79.86849
-140 -140 79.85688
-140 -120 79.84497
-140 -100 79.83301
-140 -80 79.82139
-140 -60 79.81072
-140 -40 79.80181
-140 -20 79.795555
-140 0 79.79276
-140 20 79.79383
-140 40 79.798584
-140 60 79.8064
-140 80 79.816414
-140 100 79.82781
-140 120 79.8399
-140 140 79.85214
-140 160 79.86418
-140 180 79.87581
-140 200 79.88689
-140 220 79.89737
-140 240 79.90725
-140 260 79.91655
-140 280 79.92531
-140 300 79.93356
-140 320 79.941376
-140 340 79.94879
-140 360 79.95586
-140 380 79.96262
-140 400 79.96915
-140 420 79.97548
-140 440 79.981674
-140 460 79.98778
-140 480 79.993866
-140 500 80.0
-120 -500 80.0
-120 -480 79.99439
-120 -460 79.9888
-120 -440 79.98313
-120 -420 79.977295
-120 -400 79.97121
-120 -380 79.964806
-120 -360 79.95803
-120 -340 79.950836
-120 -320 79.943184
-120 -300 79.935036
-120 -280 79.92637
-120 -260 79.91716
-120 -240 79.90739
-120 -220 79.897
-120 -200 79.88597
-120 -180 79.87425
-120 -160 79.861824
-120 -140 79.8487
-120 -120 79.83495
-120 -100 79.820816
-120 -80 79.80672
-120 -60 79.79339
-120 -40 79.78191
-120 -20 79.77365
-120 0 79.76991
-120 20 79.77141
-120 40 79.77775
-120 60 79.78783
-120 80 79.80033
-120 100 79.81412
-120 120 79.82835
-120 140 79.84243
-120 160 79.85602
-120 180 79.86892
-120 200 79.881065
-120 220 79.89244
-120 240 79.90306
-120 260 79.912994
-120 280 79.92229
-120 300 79.931
-120 320 79.93921
-120 340 79.94697
-120 360 79.95434
-120 380 79.96138
-120 400 79.96814
-120 420 79.97469
-120 440 79.98109
-120 460 79.9874
-120 480 79.993675
-120 500 80.0
-100 -500 80.0
-100 -480 79.99436
-100 -460 79.98874
-100 -440 79.98305
-100 -420 79.97717
-100 -400 79.97104
-100 -380 79.96456
-100 -360 79.95769
-100 -340 79.95034
-100 -320 79.942474
-100 -300 79.93406
-100 -280 79.92506
-100 -260 79.91542
-100 -240 79.905106
-100 -220 79.89405
-100 -200 79.882195
-100 -180 79.869446
-100 -160 79.85572
-100 -140 79.84096
-100 -120 79.82514
-100 -100 79.80841
-100 -80 79.79115
-100 -60 79.774185
-100 -40 79.75894
-100 -20 79.747505
-100 0 79.74224
-100 20 79.74457
-100 40 79.75352
-100 60 79.767
-100 80 79.78294
-100 100 79.79982
-100 120 79.81663
-100 140 79.83281
-100 160 79.848076
-100 180 79.86233
-100 200 79.87556
-100 220 79.88781
-100 240 79.89916
-100 260 79.9097
-100 280 79.9195
-100 300 79.92866
-100 320 79.93724
-100 340 79.94532
-100 360 79.95297
-100 380 79.96026
-100 400 79.96725
-100 420 79.974
-100 440 79.98058
-100 460 79.98706
-100 480 79.99351
-100 500 80.0
-80 -500 80.0
-80 -480 79.994354
-80 -460 79.98874
-80 -440 79.98305
-80 -420 79.97717
-80 -400 79.97102
-80 -380 79.964516
-80 -360 79.957565
-80 -340 79.95012
-80 -320 79.9421
-80 -300 79.93348
-80 -280 79.92419
-80 -260 79.914185
-80 -240 79.903404
-80 -220 79.89176
-80 -200 79.87914
-80 -180 79.86542
-80 -160 79.85042
-80 -140 79.83397
-80 -120 79.8159
-80 -100 79.796165
-80 -80 79.774956
-80 -60 79.75301
-80 -40 79.73206
-80 -20 79.7153
-80 0 79.70725
-80 20 79.71138
-80 40 79.72495
-80 60 79.74374
-80 80 79.76449
-80 100 79.78527
-80 120 79.805115
-80 140 79.8236
-80 160 79.84062
-80 180 79.85622
-80 200 79.8705
-80 220 79.88358
-80 240 79.895615
-80 260 79.90671
-80 280 79.916985
-80 300 79.92654
-80 320 79.93546
-80 340 79.94385
-80 360 79.95176
-80 380 79.959274
-80 400 79.96646
-80 420 79.9734
-80 440 79.98014
-80 460 79.98677
-80 480 79.99337
-80 500 80.0
-60 -500 80.0
-60 -480 79.99438
-60 -460 79.98879
-60 -440 79.98313
-60 -420 79.97729
-60 -400 79.97115
-60 -380 79.964645
-60 -360 79.95767
-60 -340 79.95016
-60 -320 79.94205
-60 -300 79.93327
-60 -280 79.923775
-60 -260 79.91349
-60 -240 79.902336
-60 -220 79.89021
-60 -200 79.87696
-60 -180 79.8624
-60 -160 79.84625
-60 -140 79.82821
-60 -120 79.80789
-60 -100 79.784904
-60 -80 79.759
-60 -60 79.73042
-60 -40 79.700745
-60 -20 79.6744
-60 0 79.660385
-60 20 79.66912
-60 40 79.691414
-60 60 79.718544
-60 80 79.745834
-60 100 79.77135
-60 120 79.794525
-60 140 79.81535
-60 160 79.83405
-60 180 79.850876
-60 200 79.86609
-60 220 79.8799
-60 240 79.89252
-60 260 79.9041
-60 280 79.91478
-60 300 79.92468
-60 320 79.93391
-60 340 79.94255
-60 360 79.95069
-60 380 79.95841
-60 400 79.96578
-60 420 79.97288
-60 440 79.97977
-60 460 79.986534
-60 480 79.99325
-60 500 80.0
-40 -500 80.0
-40 -480 79.994415
-40 -460 79.988884
-40 -440 79.98328
-40 -420 79.977486
-40 -400 79.9714
-40 -380 79.96492
-40 -360 79.95797
-40 -340 79.95045
-40 -320 79.94229
-40 -300 79.93343
-40 -280 79.92381
-40 -260 79.91335
-40 -240 79.901955
-40 -220 79.889496
-40 -200 79.8758
-40 -180 79.86062
-40 -160 79.84361
-40 -140 79.824295
-40 -120 79.80203
-40 -100 79.775986
-40 -80 79.7451
-40 -60 79.70839
-40 -40 79.66579
-40 -20 79.62137
-40 0 79.59155
-40 20 79.61415
-40 40 79.65365
-40 60 79.6935
-40 80 79.72898
-40 100 79.75959
-40 120 79.78596
-40 140 79.80883
-40 160 79.828896
-40 180 79.84668
-40 200 79.86259
-40 220 79.876945
-40 240 79.89
-40 260 79.90195
-40 280 79.91295
-40 300 79.92313
-40 320 79.9326
-40 340 79.94146
-40 360 79.9498
-40 380 79.95769
-40 400 79.96521
-40 420 79.97244
-40 440 79.979454
-40 460 79.986336
-40 480 79.99316
-40 500 80.0
-20 -500 80.0
-20 -480 79.99448
-20 -460 79.98901
-20 -440 79.983475
-20 -420 79.97776
-20 -400 79.97175
-20 -380 79.96533
-20 -360 79.95843
-20 -340 79.95094
-20 -320 79.94281
-20 -300 79.933945
-20 -280 79.924286
-20 -260 79.91376
-20 -240 79.90226
-20 -220 79.88966
-20 -200 79.87577
-20 -180 79.8603
-20 -160 79.84285
-20 -140 79.82284
-20 -120 79.799385
-20 -100 79.7712
-20 -80 79.73628
-20 -60 79.691505
-20 -40 79.632256
-20 -20 79.55434
-20 0 79.47284
-20 20 79.54448
-20 40 79.616974
-20 60 79.67361
-20 80 79.71736
-20 100 79.752174
-20 120 79.78077
-20 140 79.8049
-20 160 79.82573
-20 180 79.84401
-20 200 79.86027
-20 220 79.87491
-20 240 79.8882
-20 260 79.90036
-20 280 79.91156
-20 300 79.92193
-20 320 79.93157
-20 340 79.9406
-20 360 79.94908
-20 380 79.95711
-20 400 79.96475
-20 420 79.97209
-20 440 79.97921
-20 460 79.986176
-20 480 79.99308
-20 500 80.0
0 -500 80.0
0 -480 79.994545
0 -460 79.98916
0 -440 79.98371
0 -420 79.97809
0 -400 79.97217
0 -380 79.96584
0 -360 79.95902
0 -340 79.95162
0 -320 79.94355
0 -300 79.93475
0 -280 79.925156
0 -260 79.91468
0 -240 79.903244
0 -220 79.89071
0 -200 79.87689
0 -180 79.86151
0 -160 79.844154
0 -140 79.82421
0 -120 79.800735
0 -100 79.772255
0 -80 79.73622
0 -60 79.68782
0 -40 79.616196
0 -20 79.49125
0 0 79.209564
0 20 79.478516
0 40 79.5985
0 60 79.66785
0 80 79.71534
0 100 79.75127
0 120 79.78013
0 140 79.80425
0 160 79.82497
0 180 79.84314
0 200 79.85933
0 220 79.873924
0 240 79.887215
0 260 79.899414
0 280 79.910675
0 300 79.92112
0 320 79.930855
0 340 79.93997
0 360 79.948555
0 380 79.95667
0 400 79.9644
0 420 79.97183
0 440 79.97902
0 460 79.98606
0 480 79.99303
0 500 80.0
20 -500 80.0
20 -480 79.99462
20 -460 79.98933
20 -440 79.98398
20 -420 79.978455
20 -400 79.97264
20 -380 79.96643
20 -360 79.959724
20 -340 79.95243
20 -320 79.94449
20 -300 79.935814
20 -280 79.92635
20 -260 79.916046
20 -240 79.90481
20 -220 79.89253
20 -200 79.87906
20 -180 79.86414
20 -160 79.84742
20 -140 79.828354
20 -120 79.806145
20 -100 79.779594
20 -80 79.7468
20 -60 79.704834
20 -40 79.6493
20 -20 79.57614
20 0 79.49923
20 20 79.565346
20 40 79.63243
20 60 79.68486
20 80 79.7254
20 100 79.75773
20 120 79.7844
20 140 79.80705
20 160 79.82674
20 180 79.84417
20 200 79.85983
20 220 79.87406
20 240 79.8871
20 260 79.89915
20 280 79.91032
20 300 79.92073
20 320 79.930466
20 340 79.939606
20 360 79.94823
20 380 79.9564
20 400 79.96418
20 420 79.97166
20 440 79.9789
20 460 79.98598
20 480 79.99299
20 500 80.0
40 -500 80.0
40 -480 79.994705
40 -460 79.9895
40 -440 79.98425
40 -420 79.97884
40 -400 79.973145
40 -380 79.96706
40 -360 79.96049
40 -340 79.95334
40 -320 79.94555
40 -300 79.93706
40 -280 79.9278
40 -260 79.917755
40 -240 79.906845
40 -220 79.895
40 -200 79.88208
40 -180 79.86793
40 -160 79.852264
40 -140 79.8347
40 -120 79.81469
40 -100 79.7915
40 -80 79.764206
40 -60 79.731865
40 -40 79.69432
40 -20 79.65492
40 0 79.62782
40 20 79.64623
40 40 79.6795
40 60 79.713295
40 80 79.74356
40 100 79.76986
40 120 79.79273
40 140 79.81285
40 160 79.83077
40 180 79.84694
40 200 79.861694
40 220 79.87526
40 240 79.88783
40 260 79.89954
40 280 79.91049
40 300 79.92076
40 320 79.93041
40 340 79.93951
40 360 79.94811
40 380 79.95628
40 400 79.96408
40 420 79.97157
40 440 79.978836
40 460 79.98594
40 480 79.992966
40 500 80.0
60 -500 80.0
60 -480 79.99479
60 -460 79.98968
60 -440 79.98454
60 -420 79.97924
60 -400 79.97367
60 -380 79.96771
60 -360 79.96129
60 -340 79.95431
60 -320 79.9467
60 -300 79.93842
60 -280 79.92943
60 -260 79.9197
60 -240 79.9092
60 -220 79.897896
60 -200 79.8857
60 -180 79.872505
60 -160 79.85815
60 -140 79.8424
60 -120 79.824974
60 -100 79.80555
60 -80 79.7839
60 -60 79.76013
60 -40 79.7354
60 -20 79.71313
60 0 79.7005
60 20 79.70612
60 40 79.72278
60 60 79.74357
60 80 79.76481
60 100 79.78497
60 120 79.80362
60 140 79.820755
60 160 79.836525
60 180 79.85111
60 200 79.86469
60 220 79.877396
60 240 79.88932
60 260 79.90056
60 280 79.91116
60 300 79.92119
60 320 79.93068
60 340 79.93967
60 360 79.9482
60 380 79.95632
60 400 79.964096
60 420 79.97158
60 440 79.978836
60 460 79.98594
60 480 79.992966
60 500 80.0
80 -500 80.0
80 -480 79.99487
80 -460 79.98986
80 -440 79.98483
80 -420 79.979645
80 -400 79.9742
80 -380 79.96838
80 -360 79.962105
80 -340 79.9553
80 -320 79.94789
80 -300 79.93985
80 -280 79.93115
80 -260 79.92179
80 -240 79.91176
80 -220 79.90105
80 -200 79.88964
80 -180 79.87749
80 -160 79.864525
80 -140 79.85065
80 -120 79.83576
80 -100 79.819824
80 -80 79.80295
80 -60 79.78561
80 -40 79.768974
80 -20 79.75532
80 0 79.74797
80 20 79.7496
80 40 79.75833
80 60 79.77116
80 80 79.785774
80 100 79.80081
80 120 79.81558
80 140 79.829796
80 160 79.84335
80 180 79.856255
80 200 79.868546
80 220 79.88026
80 240 79.89143
80 260 79.9021
80 280 79.91228
80 300 79.92199
80 320 79.931244
80 340 79.94006
80 360 79.94848
80 380 79.95652
80 400 79.96423
80 420 79.97167
80 440 79.9789
80 460 79.98598
80 480 79.99299
80 500 80.0
100 -500 80.0
100 -480 79.994965
100 -460 79.99005
100 -440 79.98512
100 -420 79.98005
100 -400 79.974724
100 -380 79.96905
100 -360 79.96293
100 -340 79.9563
100 -320 79.9491
100 -300 79.94131
100 -280 79.93292
100 -260 79.92394
100 -240 79.91439
100 -220 79.904305
100 -200 79.8937
100 -180 79.88258
100 -160 79.87096
100 -140 79.858826
100 -120 79.8462
100 -100 79.83318
100 -80 79.82001
100 -60 79.80716
100 -40 79.79553
100 -20 79.78647
100 0 79.78154
100 20 79.78175
100 40 79.786575
100 60 79.79469
100 80 79.80481
100 100 79.81596
100 120 79.827545
100 140 79.83918
100 160 79.850685
100 180 79.86196
100 200 79.872955
100 220 79.883644
100 240 79.89402
100 260 79.90406
100 280 79.91376
100 300 79.923096
100 320 79.932076
100 340 79.94068
100 360 79.94894
100 380 79.95686
100 400 79.964485
100 420 79.971855
100 440 79.97903
100 460 79.98606
100 480 79.99303
100 500 80.0
120 -500 80.0
120 -480 79.99505
120 -460 79.990234
120 -440 79.98541
120 -420 79.98045
120 -400 79.97525
120 -380 79.96971
120 -360 79.963745
120 -340 79.95729
120 -320 79.9503
120 -300 79.942764
120 -280 79.934685
120 -260 79.926094
120 -240 79.91703
120 -220 79.907555
120 -200 79.89772
120 -180 79.88758
120 -160 79.877174
120 -140 79.86658
120 -120 79.85586
120 -100 79.84517
120 -80 79.83474
120 -60 79.82499
120 -40 79.81651
120 -20 79.810074
120 0 79.80647
120 20 79.80616
120 40 79.80896
120 60 79.814285
120 80 79.821434
120 100 79.82979
120 120 79.838875
120 140 79.84839
120 160 79.85811
120 180 79.8679
120 200 79.87768
120 220 79.88738
120 240 79.89696
120 260 79.90636
120 280 79.91554
120 300 79.92448
120 320 79.933136
120 340 79.9415
120 360 79.94956
120 380 79.95734
120 400 79.96484
120 420 79.97212
120 440 79.97922
120 460 79.986176
120 480 79.99308
120 500 80.0
140 -500 80.0
140 -480 79.99515
140 -460 79.990425
140 -440 79.9857
140 -420 79.98085
140 -400 79.97577
140 -380 79.97036
140 -360 79.96455
140 -340 79.95827
140 -320 79.95149
140 -300 79.94421
140 -280 79.93644
140 -260 79.92822
140 -240 79.91963
140 -220 79.910736
140 -200 79.90163
140 -180 79.892365
140 -160 79.88305
140 -140 79.87376
140 -120 79.8646
140 -100 79.85572
140 -80 79.84732
140 -60 79.839714
140 -40 79.83328
140 -20 79.82847
140 0 79.8257
140 20 79.825195
140 40 79.826904
140 60 79.83055
140 80 79.83574
140 100 79.8421
140 120 79.84932
140 140 79.857124
140 160 79.86535
140 180 79.873856
140 200 79.88254
140 220 79.89132
140 240 79.90012
140 260 79.90888
140 280 79.91755
140 300 79.92607
140 320 79.93439
140 340 79.94249
140 360 79.95034
140 380 79.95794
140 400 79.96531
140 420 79.972466
140 440 79.97946
140 460 79.986336
140 480 79.993164
140 500 80.0
160 -500 80.0
160 -480 79.99524
160 -460 79.990616
160 -440 79.986
160 -420 79.981255
160 -400 79.97629
160 -380 79.97101
160 -360 79.96535
160 -340 79.959236
160 -320 79.95267
160 -300 79.94563
160 -280 79.93816
160 -260 79.93031
160 -240 79.92217
160 -220 79.913826
160 -200 79.90537
160 -180 79.89691
160 -160 79.888535
160 -140 79.88035
160 -120 79.87245
160 -100 79.864975
160 -80 79.85809
160 -60 79.852005
160 -40 79.846954
160 -20 79.843216
160 0 79.84101
160 20 79.84047
160 40 79.84156
160 60 79.84416
160 80 79.84805
160 100 79.85301
160 120 79.85882
160 140 79.865295
160 160 79.8723
160 180 79.8797
160 200 79.88741
160 220 79.895355
160 240 79.903435
160 260 79.91159
160 280 79.91975
160 300 79.92783
160 320 79.93581
160 340 79.94362
160 360 79.95123
160 380 79.95865
160 400 79.96585
160 420 79.97288
160 440 79.97976
160 460 79.986534
160 480 79.993256
160 500 80.0
180 -500 80.0
180 -480 79.99534
180 -460 79.990814
180 -440 79.98629
180 -420 79.98166
180 -400 79.97681
180 -380 79.97166
180 -360 79.96613
180 -340 79.9602
180 -320 79.95383
180 -300 79.94704
180 -280 79.93986
180 -260 79.932365
180 -240 79.924644
180 -220 79.91681
180 -200 79.90896
180 -180 79.90121
180 -160 79.893654
180 -140 79.88639
180 -120 79.879524
180 -100 79.87316
180 -80 79.86742
180 -60 79.862434
180 -40 79.85837
180 -20 79.85538
180 0 79.853584
180 20 79.85306
180 40 79.853806
180 60 79.855736
180 80 79.85875
180 100 79.86269
180 120 79.86745
180 140 79.87288
180 160 79.87888
180 180 79.88537
180 200 79.892235
180 220 79.89942
180 240 79.90684
180 260 79.91441
180 280 79.92207
180 300 79.92974
180 320 79.93736
180 340 79.94487
180 360 79.95224
180 380 79.95944
180 400 79.96648
180 420 79.97335
180 440 79.980095
180 460 79.986755
180 480 79.99337
180 500 80.0
200 -500 80.0
200 -480 79.995445
200 -460 79.99102
200 -440 79.986595
200 -420 79.982056
200 -400 79.97732
200 -380 79.97229
200 -360 79.96692
200 -340 79.96115
200 -320 79.95498
200 -300 79.948425
200 -280 79.94153
200 -260 79.93438
200 -240 79.92706
200 -220 79.9197
200 -200 79.91241
200 -180 79.90529
200 -160 79.898445
200 -140 79.89197
200 -120 79.88595
200 -100 79.88046
200 -80 79.8756
200 -60 79.87145
200 -40 79.86811
200 -20 79.86567
200 0 79.86419
200 20 79.863716
200 40 79.86424
200 60 79.865746
200 80 79.86814
200 100 79.87136
200 120 79.87531
200 140 79.87992
200 160 79.88512
200 180 79.890816
200 200 79.89695
200 220 79.90346
200 240 79.91027
200 260 79.917305
200 280 79.924484
200 300 79.93175
200 320 79.93901
200 340 79.94622
200 360 79.95333
200 380 79.96031
200 400 79.96716
200 420 79.97387
200 440 79.98048
200 460 79.987
200 480 79.99349
200 500 80.0
220 -500 80.0
220 -480 79.99555
220 -460 79.99122
220 -440 79.98689
220 -420 79.98246
220 -400 79.97783
220 -380 79.97292
220 -360 79.96769
220 -340 79.96209
220 -320 79.956116
220 -300 79.94979
220 -280 79.94318
220 -260 79.936356
220 -240 79.92942
220 -220 79.92251
220 -200 79.91572
220 -180 79.909164
220 -160 79.90295
220 -140 79.89714
220 -120 79.89182
220 -100 79.887054
220 -80 79.88289
220 -60 79.87938
220 -40 79.87659
220 -20 79.874565
220 0 79.87333
220 20 79.87292
220 40 79.87332
220 60 79.87452
220 80 79.87648
220 100 79.87915
220 120 79.88249
220 140 79.88645
220 160 79.890976
220 180 79.89602
220 200 79.90152
220 220 79.90743
220 240 79.91369
220 260 79.92022
220 280 79.92695
220 300 79.9338
220 320 79.94071
220 340 79.94762
220 360 79.95447
220 380 79.96123
220 400 79.96788
220 420 79.97442
220 440 79.98087
220 460 79.98726
220 480 79.99362
220 500 80.0
240 -500 80.0
240 -480 79.99565
240 -460 79.99142
240 -440 79.98718
240 -420 79.98285
240 -400 79.978325
240 -380 79.97355
240 -360 79.96845
240 -340 79.96301
240 -320 79.95724
240 -300 79.95114
240 -280 79.94479
240 -260 79.938286
240 -240 79.93172
240 -220 79.92522
240 -200 79.91889
240 -180 79.91285
240 -160 79.90718
240 -140 79.901955
240 -120 79.897224
240 -100 79.89304
240 -80 79.889435
240 -60 79.88644
240 -40 79.88407
240 -20 79.88237
240 0 79.88133
240 20 79.88098
240 40 79.8813
240 60 79.88229
240 80 79.883934
240 100 79.88619
240 120 79.88905
240 140 79.89249
240 160 79.89646
240 180 79.90095
240 200 79.9059
240 220 79.91128
240 240 79.91703
240 260 79.923096
240 280 79.9294
240 300 79.93587
240 320 79.94244
240 340 79.949036
240 360 79.95562
240 380 79.96215
240 400 79.968605
240 420 79.974976
240 440 79.98128
240 460 79.987526
240 480 79.99375
240 500 80.0
260 -500 80.0
260 -480 79.99575
260 -460 79.99161
260 -440 79.987465
260 -420 79.98323
260 -400 79.97881
260 -380 79.974144
260 -360 79.969185
260 -340 79.96391
260 -320 79.95832
260 -300 79.952446
260 -280 79.94636
260 -260 79.94015
260 -240 79.93393
260 -220 79.92781
260 -200 79.92191
260 -180 79.91633
260 -160 79.91114
260 -140 79.90641
260 -120 79.90218
260 -100 79.89848
260 -80 79.89533
260 -60 79.89274
260 -40 79.89072
260 -20 79.88927
260 0 79.88839
260 20 79.888084
260 40 79.88836
260 60 79.8892
260 80 79.890594
260 100 79.89253
260 120 79.89502
260 140 79.898026
260 160 79.90154
260 180 79.905556
260 200 79.91003
260 220 79.91494
260 240 79.920235
260 260 79.92587
260 280 79.93177
260 300 79.937874
260 320 79.944115
260 340 79.950424
260 360 79.95676
260 380 79.96306
260 400 79.969315
260 420 79.97552
260 440 79.98166
260 460 79.98777
260 480 79.99387
260 500 80.0
280 -500 80.0
280 -480 79.99584
280 -460 79.99179
280 -440 79.98773
280 -420 79.98358
280 -400 79.97926
280 -380 79.97472
280 -360 79.96989
280 -340 79.96476
280 -320 79.95935
280 -300 79.95369
280 -280 79.94785
280 -260 79.941925
280 -240 79.93603
280 -220 79.93027
280 -200 79.92475
280 -180 79.91958
280 -160 79.91481
280 -140 79.910515
280 -120 79.9067
280 -100 79.903404
280 -80 79.90062
280 -60 79.89835
280 -40 79.89659
280 -20 79.89534
280 0 79.89459
280 20 79.89433
280 40 79.89457
280 60 79.89529
280 80 79.8965
280 100 79.89819
280 120 79.90037
280 140 79.90302
280 160 79.906166
280 180 79.909775
280 200 79.91384
280 220 79.918335
280 240 79.92323
280 260 79.928474
280 280 79.934006
280 300 79.93977
280 320 79.9457
280 340 79.95174
280 360 79.95782
280 380 79.96391
280 400 79.96998
280 420 79.97601
280 440 79.98202
280 460 79.988
280 480 79.99399
280 500 80.0
300 -500 80.0
300 -480 79.995926
300 -460 79.99195
300 -440 79.987976
300 -420 79.9839
300 -400 79.979675
300 -380 79.97523
300 -360 79.97053
300 -340 79.965546
300 -320 79.960304
300 -300 79.95485
300 -280 79.94924
300 -260 79.94358
300 -240 79.93797
300 -220 79.93254
300 -200 79.92737
300 -180 79.922554
300 -160 79.91815
300 -140 79.914215
300 -120 79.91075
300 -100 79.90778
300 -80 79.9053
300 -60 79.90328
300 -40 79.90173
300 -20 79.900635
300 0 79.89998
300 20 79.89976
300 40 79.89996
300 60 79.9006
300 80 79.90166
300 100 79.903145
300 120 79.90508
300 140 79.907455
300 160 79.91028
300 180 79.91355
300 200 79.91727
300 220 79.92141
300 240 79.92594
300 260 79.93084
300 280 79.93604
300 300 79.941505
300 320 79.94715
300 340 79.95293
300 360 79.95878
300 380 79.96467
300 400 79.970566
300 420 79.97645
300 440 79.98232
300 460 79.98819
300 480 79.99408
300 500 80.0
320 -500 80.0
320 -480 79.995995
320 -460 79.99209
320 -440 79.988174
320 -420 79.984184
320 -400 79.98004
320 -380 79.975685
320 -360 79.97109
320 -340 79.96625
320 -320 79.96117
320 -300 79.95589
320 -280 79.95049
320 -260 79.945076
320 -240 79.939735
320 -220 79.93458
320 -200 79.92971
320 -180 79.9252
320 -160 79.92111
320 -140 79.91747
320 -120 79.91431
320 -100 79.9116
320 -80 79.90935
320 -60 79.90754
320 -40 79.90615
320 -20 79.90517
320 0 79.90458
320 20 79.90438
320 40 79.904564
320 60 79.90512
320 80 79.90607
320 100 79.907394
320 120 79.909134
320 140 79.91128
320 160 79.91384
320 180 79.91684
320 200 79.92026
320 220 79.924095
320 240 79.92832
320 260 79.93292
320 280 79.937836
320 300 79.943016
320 320 79.94841
320 340 79.95396
320 360 79.95961
320 380 79.96532
320 400 79.971054
320 420 79.97681
320 440 79.98257
320 460 79.98834
320 480 79.99415
320 500 80.0
340 -500 80.0
340 -480 79.996056
340 -460 79.9922
340 -440 79.98834
340 -420 79.98441
340 -400 79.98034
340 -380 79.976074
340 -360 79.97157
340 -340 79.96685
340 -320 79.96191
340 -300 79.956795
340 -280 79.951584
340 -260 79.94637
340 -240 79.94127
340 -220 79.93636
340 -200 79.93175
340 -180 79.9275
340 -160 79.92367
340 -140 79.92027
340 -120 79.917336
340 -100 79.91483
340 -80 79.912766
340 -60 79.91111
340 -40 79.90984
340 -20 79.90895
340 0 79.90842
340 20 79.90823
340 40 79.90839
340 60 79.90889
340 80 79.90974
340 100 79.91094
340 120 79.91252
340 140 79.91448
340 160 79.91684
340 180 79.9196
340 200 79.92278
340 220 79.92636
340 240 79.930336
340 260 79.93468
340 280 79.93935
340 300 79.94429
340 320 79.94946
340 340 79.95481
340 360 79.96029
340 380 79.96584
340 400 79.97144
340 420 79.97708
340 440 79.98275
340 460 79.98845
340 480 79.994194
340 500 80.0
360 -500 80.0
360 -480 79.99609
360 -460 79.99229
360 -440 79.98847
360 -420 79.9846
360 -400 79.980576
360 -380 79.97638
360 -360 79.97197
360 -340 79.96734
360 -320 79.96252
360 -300 79.95754
360 -280 79.9525
360 -260 79.94747
360 -240 79.94256
360 -220 79.93786
360 -200 79.93346
360 -180 79.92942
360 -160 79.9258
360 -140 79.9226
360 -120 79.91984
360 -100 79.9175
360 -80 79.91558
360 -60 79.91404
360 -40 79.912865
360 -20 79.91203
360 0 79.91153
360 20 79.911354
360 40 79.91148
360 60 79.91194
360 80 79.91271
360 100 79.91382
360 120 79.915276
360 140 79.91709
360 160 79.91928
360 180 79.92186
360 200 79.92484
360 220 79.92822
360 240 79.931984
360 260 79.93611
360 280 79.940575
360 300 79.94533
360 320 79.95032
360 340 79.9555
360 360 79.960815
360 380 79.96624
360 400 79.97173
360 420 79.97728
360 440 79.98287
360 460 79.98851
360 480 79.99422
360 500 80.0
380 -500 80.0
380 -480 79.996124
380 -460 79.99234
380 -440 79.98856
380 -420 79.984726
380 -400 79.98075
380 -380 79.97661
380 -360 79.97227
380 -340 79.96773
380 -320 79.963005
380 -300 79.958145
380 -280 79.95324
380 -260 79.94836
380 -240 79.9436
380 -220 79.93908
380 -200 79.93485
380 -180 79.930984
380 -160 79.92752
380 -140 79.92448
380 -120 79.92185
380 -100 79.91964
380 -80 79.917816
380 -60 79.91636
380 -40 79.91525
380 -20 79.91446
380 0 79.91399
380 20 79.91381
380 40 79.913925
380 60 79.91434
380 80 79.915054
380 100 79.916084
380 120 79.91744
380 140 79.91914
380 160 79.92121
380 180 79.92365
380 200 79.926476
380 220 79.92969
380 240 79.93329
380 260 79.93725
380 280 79.94154
380 300 79.94613
380 320 79.95097
380 340 79.95602
380 360 79.96122
380 380 79.96654
380 400 79.97194
380 420 79.97742
380 440 79.98295
380 460 79.98855
380 480 79.994225
380 500 80.0
400 -500 80.0
400 -480 79.99614
400 -460 79.99238
400 -440 79.988625
400 -420 79.98481
400 -400 79.98087
400 -380 79.976776
400 -360 79.97249
400 -340 79.96801
400 -320 79.96337
400 -300 79.95861
400 -280 79.95381
400 -260 79.94905
400 -240 79.94443
400 -220 79.94003
400 -200 79.935936
400 -180 79.932205
400 -160 79.92886
400 -140 79.92594
400 -120 79.923416
400 -100 79.921295
400 -80 79.91955
400 -60 79.91815
400 -40 79.91708
400 -20 79.91633
400 0 79.91586
400 20 79.91569
400 40 79.91579
400 60 79.916176
400 80 79.91685
400 100 79.917816
400 120 79.919106
400 140 79.92072
400 160 79.92268
400 180 79.92502
400 200 79.92773
400 220 79.93082
400 240 79.93429
400 260 79.93811
400 280 79.942276
400 300 79.94675
400 320 79.95147
400 340 79.956406
400 360 79.96151
400 380 79.96674
400 400 79.97208
400 420 79.97749
400 440 79.98299
400 460 79.988556
400 480 79.99422
400 500 80.0
420 -500 80.0
420 -480 79.99615
420 -460 79.99239
420 -440 79.988655
420 -420 79.98486
420 -400 79.98095
420 -380 79.97688
420 -360 79.97264
420 -340 79.968216
420 -320 79.96363
420 -300 79.958954
420 -280 79.95423
420 -260 79.94957
420 -240 79.945045
420 -220 79.94075
420 -200 79.93676
420 -180 79.93313
420 -160 79.92988
420 -140 79.92703
420 -120 79.92459
420 -100 79.92253
420 -80 79.92084
420 -60 79.91948
420 -40 79.91845
420 -20 79.91771
420 0 79.91726
420 20 79.917076
420 40 79.91717
420 60 79.91753
420 80 79.91817
420 100 79.9191
420 120 79.920334
420 140 79.92189
420 160 79.92378
420 180 79.92603
420 200 79.92866
420 220 79.931656
420 240 79.93503
420 260 79.93876
420 280 79.942825
420 300 79.94719
420 320 79.95183
420 340 79.95668
420 360 79.96171
420 380 79.96688
420 400 79.97216
420 420 79.97754
420 440 79.982994
420 460 79.98855
420 480 79.99421
420 500 80.0
440 -500 80.0
440 -480 79.996155
440 -460 79.9924
440 -440 79.98868
440 -420 79.98489
440 -400 79.980995
440 -380 79.97695
440 -360 79.97273
440 -340 79.968346
440 -320 79.96381
440 -300 79.95918
440 -280 79.95453
440 -260 79.949936
440 -240 79.94549
440 -220 79.94127
440 -200 79.93735
440 -180 79.933784
440 -160 79.9306
440 -140 79.92782
440 -120 79.92542
440 -100 79.92341
440 -80 79.92175
440 -60 79.920425
440 -40 79.91941
440 -20 79.918686
440 0 79.918236
440 20 79.91805
440 40 79.91814
440 60 79.91848
440 80 79.9191
440 100 79.92
440 120 79.921196
440 140 79.92271
440 160 79.92455
440 180 79.92675
440 200 79.92931
440 220 79.93224
440 240 79.93555
440 260 79.93921
440 280 79.94321
440 300 79.94751
440 320 79.95208
440 340 79.95687
440 360 79.961845
440 380 79.96697
440 400 79.97221
440 420 79.97756
440 440 79.983
440 460 79.98854
440 480 79.994194
440 500 80.0
460 -500 80.0
460 -480 79.996155
460 -460 79.99241
460 -440 79.98868
460 -420 79.9849
460 -400 79.98102
460 -380 79.97698
460 -360 79.972786
460 -340 79.96842
460 -320 79.96392
460 -300 79.959335
460 -280 79.95472
460 -260 79.95017
460 -240 79.94577
460 -220 79.9416
460 -200 79.93773
460 -180 79.93421
460 -160 79.931076
460 -140 79.92832
460 -120 79.925964
460 -100 79.92397
460 -80 79.92234
460 -60 79.92103
460 -40 79.92002
460 -20 79.919304
460 0 79.91886
460 20 79.91868
460 40 79.918755
460 60 79.91909
460 80 79.91969
460 100 79.92058
460 120 79.92175
460 140 79.92324
460 160 79.92506
460 180 79.927216
460 200 79.92974
460 220 79.93263
460 240 79.93589
460 260 79.93951
460 280 79.94346
460 300 79.947716
460 320 79.95224
460 340 79.95699
460 360 79.96194
460 380 79.967026
460 400 79.972244
460 420 79.97757
460 440 79.982994
460 460 79.98853
460 480 79.99419
460 500 80.0
480 -500 80.0
480 -480 79.996155
480 -460 79.99241
480 -440 79.98868
480 -420 79.9849
480 -400 79.981026
480 -380 79.977
480 -360 79.97281
480 -340 79.96846
480 -320 79.963974
480 -300 79.959404
480 -280 79.95481
480 -260 79.95029
480 -240 79.945915
480 -220 79.941765
480 -200 79.93793
480 -180 79.934425
480 -160 79.931305
480 -140 79.92858
480 -120 79.92623
480 -100 79.924255
480 -80 79.92263
480 -60 79.921326
480 -40 79.920334
480 -20 79.91962
480 0 79.919174
480 20 79.91899
480 40 79.91906
480 60 79.919395
480 80 79.91999
480 100 79.92086
480 120 79.92203
480 140 79.9235
480 160 79.9253
480 180 79.927444
480 200 79.929955
480 220 79.93282
480 240 79.93606
480 260 79.93965
480 280 79.94358
480 300 79.947815
480 320 79.952324
480 340 79.957054
480 360 79.961975
480 380 79.96706
480 400 79.97226
480 420 79.97758
480 440 79.982994
480 460 79.988525
480 480 79.99419
480 500 80.0
